9.630430329874495321e-01
2.574853720708695226e-01
1.228621729221544556e-01
7.447928002417068816e-02
5.128959374708531860e-02
3.753388956077691185e-02
2.953205442423557925e-02
2.369183394721193631e-02
1.947719185871995759e-02
1.681548635703353223e-02
1.406074094181079988e-02
1.260227711003032887e-02
1.102932940664718559e-02
9.766634350473904838e-03
8.908360245738041611e-03
8.070753699318823290e-03
7.190728508506149044e-03
6.731389331116207318e-03
6.146264461287029648e-03
5.621238480489568028e-03
9.265248385186051205e-01
2.105236882060078085e-01
9.721607671949070162e-02
5.948481438620694534e-02
4.098349259051774912e-02
3.002144502099063708e-02
2.341278485607990734e-02
1.890932515165091171e-02
1.569050978406210523e-02
1.333657685249001884e-02
1.126707902225194090e-02
9.951461790902074722e-03
8.790187960808940743e-03
7.811301302691533825e-03
7.001269362294346502e-03
6.310770890972656165e-03
5.779403984659902023e-03
5.295852006885481099e-03
4.885985390134677843e-03
4.536509665432832301e-03
8.568349266424679644e-01
1.840046222341023274e-01
8.549152305684630526e-02
5.116389460174168569e-02
3.525799070384379175e-02
2.596633123813191571e-02
2.014073460534443472e-02
1.624344039737697989e-02
1.344466781275103183e-02
1.148262425938257995e-02
9.922674973611595242e-03
8.549221792966198857e-03
7.597617691192850436e-03
6.719567349527643882e-03
6.045645877982591676e-03
5.502131970866679100e-03
4.977196804639226480e-03
4.573787784776428035e-03
4.245198771830678737e-03
3.881821050345312264e-03
8.105060919374765804e-01
1.649818078484439066e-01
7.583163435159512300e-02
4.625522458293519767e-02
3.159913940488879441e-02
2.344497006184959043e-02
1.821347267649960425e-02
1.461770399610331367e-02
1.220509944190966214e-02
1.024933935778063118e-02
8.859260133256842071e-03
7.702427593158854037e-03
6.769415342307117528e-03
6.035525971916693745e-03
5.450284891876223600e-03
4.942244645065380602e-03
4.483007761463743412e-03
4.078527647996464840e-03
3.761478786551494900e-03
3.495240953782040045e-03
7.710231059441299273e-01
1.518611362145876886e-01
7.053523517680423960e-02
4.227223610707680351e-02
2.899443863709205357e-02
2.141186670374058826e-02
1.665994345450733799e-02
1.350241834210398097e-02
1.117603932434843572e-02
9.496731934851279297e-03
8.131400051778963495e-03
7.089092924949794670e-03
6.247006320530520788e-03
5.595790761952043786e-03
4.998434831476362104e-03
4.504372972976773346e-03
4.124353046414058234e-03
3.762152915477974622e-03
3.466832519363474523e-03
3.179054702287664822e-03
7.242051576624816134e-01
1.410610921814316743e-01
6.547196294010962370e-02
3.940390412534171272e-02
2.687815509317567284e-02
1.997900656715657572e-02
1.556801761394658451e-02
1.239110356322437739e-02
1.040904784269751360e-02
8.770205895184447070e-03
7.540898887407924793e-03
6.599102187749871125e-03
5.803749786909176249e-03
5.167498813992616770e-03
4.615977019563300039e-03
4.206092387163799101e-03
3.824507667160032074e-03
3.487466029260082468e-03
3.226607707310301734e-03
2.954838858150633449e-03
6.937705386408696828e-01
1.335863081027061083e-01
6.114347655675828747e-02
3.697269990467042661e-02
2.524311174032650359e-02
1.870521425034842034e-02
1.453343081983348752e-02
1.176502420632060536e-02
9.763348195684527428e-03
8.162741761235206214e-03
7.072945919169078277e-03
6.178232311760192830e-03
5.460056872324980069e-03
4.847053259451167620e-03
4.366582107783543304e-03
3.939293098949335666e-03
3.582146046618671191e-03
3.309478766795064756e-03
3.040604052743606928e-03
2.794027163414338627e-03
6.570197282136083228e-01
1.256259073197169007e-01
5.801662815679890783e-02
3.502711158813426318e-02
2.398733752416941367e-02
1.770244211181524335e-02
1.391402286661052277e-02
1.113668726020702535e-02
9.201852231595562120e-03
7.830390821678094929e-03
6.688037950777774195e-03
5.840770103733788389e-03
5.178805450372183858e-03
4.615664311106550469e-03
4.148418713471281258e-03
3.727258259117532339e-03
3.425981453724656189e-03
3.112569908772584455e-03
2.853632479462073820e-03
2.647925217951700282e-03
6.330442909326917666e-01
1.199308605209723627e-01
5.518991236089031832e-02
3.343979776162690765e-02
2.277126308580365924e-02
1.696244957446585433e-02
1.314335931935118641e-02
1.063963169153362212e-02
8.740719950940070704e-03
7.426790869428023453e-03
6.366121124802580356e-03
5.569317012888885116e-03
4.934663103321622682e-03
4.375396451433815823e-03
3.937866776991986312e-03
3.546747956953169318e-03
3.244167516902582427e-03
2.983101154581666199e-03
2.731195771298902848e-03
2.519298130851764864e-03
6.062695926325973872e-01
1.144374968891137823e-01
5.267746063692950453e-02
3.189763123419648433e-02
2.176984740284214348e-02
1.620279149587790929e-02
1.259097109021879539e-02
1.014307199420586350e-02
8.447968900179637572e-03
7.136908651936229794e-03
6.109189111590071497e-03
5.333023470345667032e-03
4.736941886913600443e-03
4.215081240692985370e-03
3.770146388889060972e-03
3.424156173989841446e-03
3.119098647083984321e-03
2.840029138311356283e-03
2.618586209283664621e-03
2.414684464807677865e-03
