1.374941393377576926e+00
6.406763079189787824e-01
3.375160011324578879e-01
2.122358223702527080e-01
1.471414167061813882e-01
1.108751213806331293e-01
8.666620147516877759e-02
6.954043177880928073e-02
5.803776231833421978e-02
4.865922057825348285e-02
4.187482356643409953e-02
3.705090355502188570e-02
3.233949361107456982e-02
2.845036163285654188e-02
2.601369239483579399e-02
2.362810897472793215e-02
2.133916902787093284e-02
1.960623682057977685e-02
1.811116994290356760e-02
1.674154192413104814e-02
1.346644163626103952e+00
4.708840198993047288e-01
2.236368634680582779e-01
1.368701396573521467e-01
9.428310852731842939e-02
6.965156520867518686e-02
5.403575765104526307e-02
4.365493673228663940e-02
3.607035240612912336e-02
3.079161701436701482e-02
2.620564408088942032e-02
2.303584834264625278e-02
2.035692971843418991e-02
1.799712929977093090e-02
1.622539485026697550e-02
1.470223753150591908e-02
1.339864518588464691e-02
1.231748416548496608e-02
1.121680971372032189e-02
1.042351368731777791e-02
1.295741018559103619e+00
3.743736200303004469e-01
1.754178216361252929e-01
1.069918746544268606e-01
7.305444803629797257e-02
5.418885836298233116e-02
4.194710170695385709e-02
3.382544088593508053e-02
2.777820203848240313e-02
2.380263054446210211e-02
2.059426580734187787e-02
1.785394720696576940e-02
1.568168794130493648e-02
1.398728696095678965e-02
1.265139977933624378e-02
1.147436318044283213e-02
1.033266808970704186e-02
9.480343875896055789e-03
8.659095808825165164e-03
8.145178767410977960e-03
1.246268254027153466e+00
3.161495401798500304e-01
1.477632332016459715e-01
8.994660197548337566e-02
6.138173306877132279e-02
4.527337159716348508e-02
3.523804916381691188e-02
2.848262889137691267e-02
2.366193833498531074e-02
1.992677271666158656e-02
1.719502964823397054e-02
1.501320350860473052e-02
1.326782470197113324e-02
1.172768378955388324e-02
1.057267286446844645e-02
9.691076181960994740e-03
8.722780558680682736e-03
8.033551656936708044e-03
7.360591355395223329e-03
6.779992374686547724e-03
1.192790496932914390e+00
2.803048211868123252e-01
1.309338257173215392e-01
7.833212053700282229e-02
5.391600520572117916e-02
3.981732967322998418e-02
3.109533163823575280e-02
2.520519077326879853e-02
2.093101994137594457e-02
1.755735511762822332e-02
1.519035159558070405e-02
1.329841675956670161e-02
1.166312002350047838e-02
1.041348672085313717e-02
9.270057473669806453e-03
8.471766853209885054e-03
7.680561206797918879e-03
7.005274068533023576e-03
6.479054916028566952e-03
5.946289787387699748e-03
1.133136526086322426e+00
2.545475969401066463e-01
1.177157616294266657e-01
7.104413794155171880e-02
4.864854326269105189e-02
3.590301949120309338e-02
2.811434191143048766e-02
2.254744761049701923e-02
1.863938613922663801e-02
1.578630634189773577e-02
1.369676574119042464e-02
1.188641020485599158e-02
1.045265797351933520e-02
9.384444911577222159e-03
8.421081310221210231e-03
7.619066636874742039e-03
6.894010214822984817e-03
6.333129825179746424e-03
5.796371895260535659e-03
5.373966407254043842e-03
1.083911865287524590e+00
2.336651006262432662e-01
1.073507048886629539e-01
6.500159896159227180e-02
4.439145773336693190e-02
3.284232375547979643e-02
2.559924635481021504e-02
2.069917537413362013e-02
1.721811336190348304e-02
1.452442495375514363e-02
1.246057388956550195e-02
1.090975570914710924e-02
9.675072012022818344e-03
8.564542135795737143e-03
7.700699512380168761e-03
6.979101885278296558e-03
6.327817902708443056e-03
5.810777583509511152e-03
5.339691869520936732e-03
4.900363728752946471e-03
1.025612969635752547e+00
2.159486653753771024e-01
1.007130270700473673e-01
6.065817166454647719e-02
4.131042012359271987e-02
3.087799379650835174e-02
2.393344904739385867e-02
1.922527882649212663e-02
1.591981307455306305e-02
1.344545097211223908e-02
1.156508337364067947e-02
1.014096289913591666e-02
8.899665412668768261e-03
7.947220309521359563e-03
7.168718039850969018e-03
6.456882927974102668e-03
5.874174001018615983e-03
5.383592910606123036e-03
4.955895857676869722e-03
4.588247660030303141e-03
9.840576232339199869e-01
2.013411946909789141e-01
9.477682008083149201e-02
5.672643987071190885e-02
3.869928877795293654e-02
2.875404219108792375e-02
2.220802903665468342e-02
1.813731615352812826e-02
1.488140676299857385e-02
1.262705094517686463e-02
1.086323572276776984e-02
9.467666864863439127e-03
8.381544646102814800e-03
7.428106484612907387e-03
6.696353794129547218e-03
6.071971379782318233e-03
5.546607638956830427e-03
5.041840371483723680e-03
4.632202420235267785e-03
4.300062966946668896e-03
9.360145779942420363e-01
1.920627305640718596e-01
8.894982683611629692e-02
5.347058775733471575e-02
3.669614858379002115e-02
2.718061682105687299e-02
2.116431302568596434e-02
1.703670107245337795e-02
1.413622061829358095e-02
1.197696930463870539e-02
1.021736808495254251e-02
8.923600573741993433e-03
7.925623606318361533e-03
7.038262561016138917e-03
6.315894648642934352e-03
5.703926489401578079e-03
5.179612022880860506e-03
4.766907209489749248e-03
4.392951810186165526e-03
4.067252072842772112e-03
