1.561824869024962315e+00
1.463710685563641922e+00
1.287025453248822338e+00
1.080442869928182725e+00
8.927528389295411593e-01
7.305222597490936831e-01
6.036597336899157673e-01
4.881167062640190402e-01
4.247060371775985277e-01
3.655148100585732807e-01
3.180845508455542037e-01
2.923691195243432461e-01
2.474187185280068701e-01
2.152873789634798252e-01
2.057411902639116885e-01
1.892724740304357611e-01
1.700488004139018572e-01
1.486712919488769047e-01
1.407499181967982738e-01
1.296628587747240269e-01
1.560764898162050995e+00
1.330315561168214922e+00
9.445437744637705801e-01
6.582207195084567308e-01
4.862966260839830523e-01
3.629480627857119002e-01
2.855677537868167026e-01
2.318310130545249426e-01
1.953359880460398823e-01
1.613471074641050218e-01
1.412616835635141788e-01
1.206168473043109091e-01
1.090305683186159891e-01
9.430703525316283531e-02
8.576436336813110517e-02
7.856865475917454433e-02
7.142266198189402282e-02
6.411727261922718635e-02
5.779267173288657466e-02
5.515327413926421340e-02
1.555468933368988171e+00
1.199440188772559424e+00
7.323076625487803248e-01
4.943189987867339097e-01
3.390217809946922123e-01
2.585957360058297461e-01
1.968105128517139701e-01
1.622630668865898407e-01
1.306025496751743453e-01
1.150459235989066409e-01
9.647033441405825083e-02
8.394342907057349146e-02
7.644010628243164129e-02
6.871349121068236199e-02
6.003214113997874801e-02
5.439832744455985747e-02
5.052529513203091877e-02
4.641994274372623214e-02
4.123418336932175438e-02
3.893050127522384996e-02
1.553512600343996963e+00
1.080404100669892564e+00
6.204980468234841950e-01
3.970682047976953899e-01
2.830905756524234596e-01
2.104538779525780279e-01
1.605391884388258639e-01
1.314085139715909789e-01
1.088736796813781771e-01
9.243892692926013177e-02
8.081742078419262842e-02
7.024867213353100381e-02
6.249745788859780576e-02
5.408028451875002141e-02
4.919457762223015257e-02
4.474223102357906268e-02
4.115972501898530755e-02
3.750684608194757713e-02
3.424565863370764018e-02
3.051290098527933287e-02
1.547081195133385378e+00
1.009656736662325915e+00
5.688411092515386347e-01
3.485836311750618033e-01
2.418678970699889019e-01
1.791803069806971738e-01
1.424132384880096858e-01
1.164193690182697277e-01
9.662632112490580905e-02
7.817989745067577267e-02
6.866339063001962451e-02
5.912041215212636425e-02
5.526691178287408690e-02
4.797738330291199949e-02
4.299365133679616119e-02
3.880654379842916196e-02
3.561800387220010605e-02
3.254428497914111512e-02
2.949889695846090107e-02
2.620914846382636776e-02
1.538438423205798378e+00
9.445770038681513547e-01
5.071936860531273128e-01
3.070462044796595236e-01
2.198186289896201795e-01
1.604573071703547515e-01
1.259610957462973801e-01
1.022412849113949057e-01
8.456659094872154281e-02
7.391101565883780034e-02
6.086129320292227307e-02
5.377182894899500132e-02
4.901703830153453234e-02
4.199508932617578016e-02
3.823592338608132468e-02
3.559933677579540934e-02
3.232035138247805334e-02
2.845458551332492522e-02
2.633185054185491203e-02
2.391427760224183741e-02
1.530959963661214340e+00
8.949033232314119735e-01
4.774378522620164600e-01
2.924354164375424503e-01
2.075135586081807149e-01
1.452514151923937347e-01
1.158179856400298191e-01
9.467933784465755453e-02
7.601699204490869333e-02
6.726024539633961019e-02
5.730870676511265471e-02
5.071454660152848598e-02
4.415554046722008213e-02
3.802738735021345129e-02
3.359544114616212773e-02
3.072291057071916201e-02
2.949425836249968541e-02
2.613271871875821190e-02
2.349858052721264662e-02
2.271470283392582057e-02
1.524481793147088871e+00
8.218903934758843288e-01
4.384964247157758788e-01
2.694761575613169313e-01
1.796179376139306894e-01
1.368778879896055400e-01
1.086810443915938729e-01
8.453924316861134713e-02
7.328375423733661520e-02
5.969770297079872445e-02
5.214921701001049015e-02
4.539487291294722060e-02
3.941462980291791235e-02
3.633261161545096873e-02
3.211551968923993111e-02
2.862349162353880830e-02
2.614928238428280635e-02
2.467054485720439685e-02
2.203522584427918679e-02
2.054786111539472562e-02
1.512846425081915358e+00
7.945541572269569919e-01
4.016340168841388558e-01
2.518295994143139871e-01
1.731245553623241284e-01
1.337464359470785791e-01
9.982875849111254307e-02
7.834819552772068207e-02
6.707847075756201427e-02
5.739369021725013176e-02
4.953328854199504777e-02
4.149655812486616191e-02
3.661569622151168713e-02
3.322211606290895181e-02
3.129603495520130035e-02
2.603006630555957865e-02
2.474051806703875950e-02
2.265718434719052668e-02
2.064975360755436778e-02
1.959569057013471963e-02
1.507181845087051553e+00
7.660746052549441965e-01
3.986444138304705564e-01
2.408200372464414929e-01
1.623494237764492865e-01
1.199841205190682047e-01
9.244067919512832798e-02
7.583720042684069518e-02
6.164753615180940116e-02
5.357980729289768540e-02
4.599077690822604009e-02
4.067853852235590872e-02
3.603512979286720153e-02
3.182780892301462217e-02
2.793209298845824445e-02
2.589914770861687435e-02
2.378698005669650090e-02
2.172255046381703011e-02
2.017968996254578679e-02
1.912923290163130383e-02
