0.000000000000000000e+00 1.871585274015849282e-04
1.000000000000000000e+02 1.836207264948384432e-04
2.000000000000000000e+02 1.801509880275769236e-04
3.000000000000000000e+02 1.767479814408502410e-04
4.000000000000000000e+02 1.734104025664128033e-04
5.000000000000000000e+02 1.701369730964014300e-04
6.000000000000000000e+02 1.669264400637966218e-04
7.000000000000000000e+02 1.637775753334440949e-04
8.000000000000000000e+02 1.606891751034215823e-04
9.000000000000000000e+02 1.576600594165361764e-04
1.000000000000000000e+03 1.546890716817467021e-04
1.100000000000000000e+03 1.517750782053048245e-04
1.200000000000000000e+03 1.489169677314174296e-04
1.300000000000000000e+03 1.461136509922334695e-04
1.400000000000000000e+03 1.433640602669648313e-04
1.500000000000000000e+03 1.406671489499533643e-04
1.600000000000000000e+03 1.380218911275006468e-04
1.700000000000000000e+03 1.354272811632810554e-04
1.800000000000000000e+03 1.328823332921618468e-04
1.900000000000000000e+03 1.303860812222578367e-04
2.000000000000000000e+03 1.279375777450525149e-04
2.100000000000000000e+03 1.255358943534196612e-04
2.200000000000000000e+03 1.231801208673839146e-04
2.300000000000000000e+03 1.208693650674616370e-04
2.400000000000000000e+03 1.186027523354271385e-04
2.500000000000000000e+03 1.163794253023519079e-04
2.600000000000000000e+03 1.141985435037682023e-04
2.700000000000000000e+03 1.120592830418110233e-04
2.800000000000000000e+03 1.099608362541959066e-04
2.900000000000000000e+03 1.079024113898924324e-04
3.000000000000000000e+03 1.058832322913567795e-04
3.100000000000000000e+03 1.039025380831890038e-04
3.200000000000000000e+03 1.019595828670837446e-04
3.300000000000000000e+03 1.000536354229459489e-04
3.400000000000000000e+03 9.818397891604507214e-05
3.500000000000000000e+03 9.634991061008513430e-05
3.600000000000000000e+03 9.455074158606909071e-05
3.700000000000000000e+03 9.278579646683973313e-05
3.800000000000000000e+03 9.105441314718084038e-05
3.900000000000000000e+03 8.935594252936517100e-05
4.000000000000000000e+03 8.768974826403842457e-05
4.100000000000000000e+03 8.605520649632968100e-05
4.200000000000000000e+03 8.445170561708245888e-05
4.300000000000000000e+03 8.287864601910100847e-05
4.400000000000000000e+03 8.133543985831087305e-05
4.500000000000000000e+03 7.982151081973188483e-05
4.600000000000000000e+03 7.833629388816714225e-05
4.700000000000000000e+03 7.687923512351059355e-05
4.800000000000000000e+03 7.544979144057983639e-05
4.900000000000000000e+03 7.404743039338177282e-05
5.000000000000000000e+03 7.267162996372068372e-05
5.100000000000000000e+03 7.132187835406059064e-05
5.200000000000000000e+03 6.999767378455499253e-05
5.300000000000000000e+03 6.869852429415940979e-05
5.400000000000000000e+03 6.742394754574361786e-05
5.500000000000000000e+03 6.617347063512190285e-05
5.600000000000000000e+03 6.494662990392226025e-05
5.700000000000000000e+03 6.374297075621563387e-05
5.800000000000000000e+03 6.256204747882974807e-05
5.900000000000000000e+03 6.140342306527161206e-05
6.000000000000000000e+03 6.026666904318625810e-05
6.100000000000000000e+03 5.915136530527918021e-05
6.200000000000000000e+03 5.805709994363259012e-05
6.300000000000000000e+03 5.698346908734629098e-05
6.400000000000000000e+03 5.593007674343575871e-05
6.500000000000000000e+03 5.489653464092141661e-05
6.600000000000000000e+03 5.388246207804401038e-05
6.700000000000000000e+03 5.288748577254313892e-05
6.800000000000000000e+03 5.191123971493636204e-05
6.900000000000000000e+03 5.095336502473825114e-05
7.000000000000000000e+03 5.001350980955971104e-05
7.100000000000000000e+03 4.909132902702924967e-05
7.200000000000000000e+03 4.818648434947888878e-05
7.300000000000000000e+03 4.729864403133876398e-05
7.400000000000000000e+03 4.642748277918556043e-05
7.500000000000000000e+03 4.557268162439096686e-05
7.600000000000000000e+03 4.473392779831749657e-05
7.700000000000000000e+03 4.391091461001028409e-05
7.800000000000000000e+03 4.310334132633398814e-05
7.900000000000000000e+03 4.231091305450564584e-05
8.000000000000000000e+03 4.153334062697494665e-05
8.100000000000000000e+03 4.077034048860419396e-05
8.200000000000000000e+03 4.002163458610179443e-05
8.300000000000000000e+03 3.928695025966354209e-05
8.400000000000000000e+03 3.856602013677692649e-05
8.500000000000000000e+03 3.785858202814521191e-05
8.600000000000000000e+03 3.716437882568784500e-05
8.700000000000000000e+03 3.648315840257574738e-05
8.800000000000000000e+03 3.581467351526020521e-05
8.900000000000000000e+03 3.515868170745505743e-05
9.000000000000000000e+03 3.451494521603285323e-05
9.100000000000000000e+03 3.388323087879634718e-05
9.200000000000000000e+03 3.326331004408734443e-05
9.300000000000000000e+03 3.265495848219613457e-05
9.400000000000000000e+03 3.205795629853482764e-05
9.500000000000000000e+03 3.147208784853938268e-05
9.600000000000000000e+03 3.089714165426520081e-05
9.700000000000000000e+03 3.033291032264238100e-05
9.800000000000000000e+03 2.977919046535698106e-05
9.900000000000000000e+03 2.923578262032572371e-05
1.000000000000000000e+04 2.870249117473196735e-05
1.010000000000000000e+04 2.817912428959144544e-05
1.020000000000000000e+04 2.766549382581713227e-05
1.030000000000000000e+04 2.716141527175299590e-05
1.040000000000000000e+04 2.666670767214697195e-05
1.050000000000000000e+04 2.618119355853439634e-05
1.060000000000000000e+04 2.570469888100343663e-05
1.070000000000000000e+04 2.523705294131473249e-05
1.080000000000000000e+04 2.477808832734802518e-05
1.090000000000000000e+04 2.432764084884913843e-05
1.100000000000000000e+04 2.388554947445119831e-05
1.110000000000000000e+04 2.345165626994439001e-05
1.120000000000000000e+04 2.302580633776933150e-05
1.130000000000000000e+04 2.260784775770938512e-05
1.140000000000000000e+04 2.219763152875791904e-05
1.150000000000000000e+04 2.179501151213679154e-05
1.160000000000000000e+04 2.139984437544323900e-05
1.170000000000000000e+04 2.101198953790225040e-05
1.180000000000000000e+04 2.063130911670235779e-05
1.190000000000000000e+04 2.025766787439325386e-05
1.200000000000000000e+04 1.989093316732373529e-05
1.210000000000000000e+04 1.953097489509929762e-05
1.220000000000000000e+04 1.917766545103881225e-05
1.230000000000000000e+04 1.883087967361048528e-05
1.240000000000000000e+04 1.849049479882719312e-05
1.250000000000000000e+04 1.815639041358226843e-05
1.260000000000000000e+04 1.782844840990677334e-05
1.270000000000000000e+04 1.750655294012980461e-05
1.280000000000000000e+04 1.719059037292385334e-05
1.290000000000000000e+04 1.688044925021745191e-05
1.300000000000000000e+04 1.657602024495779473e-05
1.310000000000000000e+04 1.627719611970633462e-05
1.320000000000000000e+04 1.598387168605071564e-05
1.330000000000000000e+04 1.569594376481670141e-05
1.340000000000000000e+04 1.541331114706418495e-05
1.350000000000000000e+04 1.513587455585154544e-05
1.360000000000000000e+04 1.486353660875304945e-05
1.370000000000000000e+04 1.459620178111430255e-05
1.380000000000000000e+04 1.433377637003092976e-05
1.390000000000000000e+04 1.407616845903615480e-05
1.400000000000000000e+04 1.382328788348306675e-05
1.410000000000000000e+04 1.357504619660776553e-05
1.420000000000000000e+04 1.333135663625981528e-05
1.430000000000000000e+04 1.309213409228662746e-05
1.440000000000000000e+04 1.285729507455889038e-05
1.450000000000000000e+04 1.262675768162412275e-05
1.460000000000000000e+04 1.240044156997593211e-05
1.470000000000000000e+04 1.217826792392671306e-05
1.480000000000000000e+04 1.196015942607172871e-05
1.490000000000000000e+04 1.174604022833286414e-05
1.500000000000000000e+04 1.153583592357046454e-05
1.510000000000000000e+04 1.132947351775199593e-05
1.520000000000000000e+04 1.112688140266645592e-05
1.530000000000000000e+04 1.092798932917366543e-05
1.540000000000000000e+04 1.073272838097779259e-05
1.550000000000000000e+04 1.054103094891477821e-05
1.560000000000000000e+04 1.035283070574333081e-05
1.570000000000000000e+04 1.016806258142961829e-05
1.580000000000000000e+04 9.986662738915720296e-06
1.590000000000000000e+04 9.808568550362363280e-06
1.600000000000000000e+04 9.633718573856463085e-06
1.610000000000000000e+04 9.462052530574227319e-06
1.620000000000000000e+04 9.293511282390874465e-06
1.630000000000000000e+04 9.128036809928001365e-06
1.640000000000000000e+04 8.965572191030001694e-06
1.650000000000000000e+04 8.806061579661029513e-06
1.660000000000000000e+04 8.649450185214100257e-06
1.670000000000000000e+04 8.495684252224280643e-06
1.680000000000000000e+04 8.344711040477841081e-06
1.690000000000000000e+04 8.196478805509662568e-06
1.700000000000000000e+04 8.050936779481071491e-06
1.710000000000000000e+04 7.908035152430709439e-06
1.720000000000000000e+04 7.767725053890948544e-06
1.730000000000000000e+04 7.629958534862703415e-06
1.740000000000000000e+04 7.494688550141497463e-06
1.750000000000000000e+04 7.361868940987876068e-06
1.760000000000000000e+04 7.231454418135342906e-06
1.770000000000000000e+04 7.103400545129151566e-06
1.780000000000000000e+04 6.977663721989427787e-06
1.790000000000000000e+04 6.854201169192209416e-06
1.800000000000000000e+04 6.732970911962134343e-06
1.810000000000000000e+04 6.613931764870614270e-06
1.820000000000000000e+04 6.497043316733472736e-06
1.830000000000000000e+04 6.382265915802160522e-06
1.840000000000000000e+04 6.269560655242713241e-06
1.850000000000000000e+04 6.158889358896819171e-06
1.860000000000000000e+04 6.050214567319434879e-06
1.870000000000000000e+04 5.943499524087447156e-06
1.880000000000000000e+04 5.838708162374137271e-06
1.890000000000000000e+04 5.735805091784102781e-06
1.900000000000000000e+04 5.634755585443606360e-06
1.910000000000000000e+04 5.535525567341249117e-06
1.920000000000000000e+04 5.438081599914093742e-06
1.930000000000000000e+04 5.342390871874382270e-06
1.940000000000000000e+04 5.248421186272117801e-06
1.950000000000000000e+04 5.156140948788889592e-06
1.960000000000000000e+04 5.065519156258371798e-06
1.970000000000000000e+04 4.976525385409054010e-06
1.980000000000000000e+04 4.889129781824854924e-06
1.990000000000000000e+04 4.803303049119299270e-06
