0.000000000000000000e+00 1.953738596713134256e-04
1.000000000000000000e+02 1.915202964095925181e-04
2.000000000000000000e+02 1.877440907306343468e-04
3.000000000000000000e+02 1.840436646943347833e-04
4.000000000000000000e+02 1.804174730166531264e-04
5.000000000000000000e+02 1.768640023849045765e-04
6.000000000000000000e+02 1.733817707875789579e-04
7.000000000000000000e+02 1.699693268583742003e-04
8.000000000000000000e+02 1.666252492341386150e-04
9.000000000000000000e+02 1.633481459264264147e-04
1.000000000000000000e+03 1.601366537063716533e-04
1.100000000000000000e+03 1.569894375025985319e-04
1.200000000000000000e+03 1.539051898118858790e-04
1.300000000000000000e+03 1.508826301223149184e-04
1.400000000000000000e+03 1.479205043486319835e-04
1.500000000000000000e+03 1.450175842795649404e-04
1.600000000000000000e+03 1.421726670368376913e-04
1.700000000000000000e+03 1.393845745456322269e-04
1.800000000000000000e+03 1.366521530162536312e-04
1.900000000000000000e+03 1.339742724367580236e-04
2.000000000000000000e+03 1.313498260763099556e-04
2.100000000000000000e+03 1.287777299990384625e-04
2.200000000000000000e+03 1.262569225881689662e-04
2.300000000000000000e+03 1.237863640802100960e-04
2.400000000000000000e+03 1.213650361089818537e-04
2.500000000000000000e+03 1.189919412592735804e-04
2.600000000000000000e+03 1.166661026299276385e-04
2.700000000000000000e+03 1.143865634061461578e-04
2.800000000000000000e+03 1.121523864408247809e-04
2.900000000000000000e+03 1.099626538447208131e-04
3.000000000000000000e+03 1.078164665852666650e-04
3.100000000000000000e+03 1.057129440938449919e-04
3.200000000000000000e+03 1.036512238813443859e-04
3.300000000000000000e+03 1.016304611618195481e-04
3.400000000000000000e+03 9.964982848408285895e-05
3.500000000000000000e+03 9.770851537105851271e-05
3.600000000000000000e+03 9.580572796673376339e-05
3.700000000000000000e+03 9.394068869054538612e-05
3.800000000000000000e+03 9.211263589904301863e-05
3.900000000000000000e+03 9.032082355467472169e-05
4.000000000000000000e+03 8.856452090154244160e-05
4.100000000000000000e+03 8.684301214797990982e-05
4.200000000000000000e+03 8.515559615580696462e-05
4.300000000000000000e+03 8.350158613611907753e-05
4.400000000000000000e+03 8.188030935147231737e-05
4.500000000000000000e+03 8.029110682432826721e-05
4.600000000000000000e+03 7.873333305162568655e-05
4.700000000000000000e+03 7.720635572534843480e-05
4.800000000000000000e+03 7.570955545896275050e-05
4.900000000000000000e+03 7.424232551959863351e-05
5.000000000000000000e+03 7.280407156585376417e-05
5.100000000000000000e+03 7.139421139110012804e-05
5.200000000000000000e+03 7.001217467217714667e-05
5.300000000000000000e+03 6.865740272335609093e-05
5.400000000000000000e+03 6.732934825546476817e-05
5.500000000000000000e+03 6.602747514006263995e-05
5.600000000000000000e+03 6.475125817855896645e-05
5.700000000000000000e+03 6.350018287616962336e-05
5.800000000000000000e+03 6.227374522060984921e-05
5.900000000000000000e+03 6.107145146542228243e-05
6.000000000000000000e+03 5.989281791784239789e-05
6.100000000000000000e+03 5.873737073110507959e-05
6.200000000000000000e+03 5.760464570109809863e-05
6.300000000000000000e+03 5.649418806727065783e-05
6.400000000000000000e+03 5.540555231770687183e-05
6.500000000000000000e+03 5.433830199827586099e-05
6.600000000000000000e+03 5.329200952577238011e-05
6.700000000000000000e+03 5.226625600496338705e-05
6.800000000000000000e+03 5.126063104945807075e-05
6.900000000000000000e+03 5.027473260632038922e-05
7.000000000000000000e+03 4.930816678434497087e-05
7.100000000000000000e+03 4.836054768591896701e-05
7.200000000000000000e+03 4.743149724239418516e-05
7.300000000000000000e+03 4.652064505289507255e-05
7.400000000000000000e+03 4.562762822649023357e-05
7.500000000000000000e+03 4.475209122765633039e-05
7.600000000000000000e+03 4.389368572496479495e-05
7.700000000000000000e+03 4.305207044292343362e-05
7.800000000000000000e+03 4.222691101690634796e-05
7.900000000000000000e+03 4.141787985110679409e-05
8.000000000000000000e+03 4.062465597944963611e-05
8.100000000000000000e+03 3.984692492940044895e-05
8.200000000000000000e+03 3.908437858861067048e-05
8.300000000000000000e+03 3.833671507433873135e-05
8.400000000000000000e+03 3.760363860558877812e-05
8.500000000000000000e+03 3.688485937790968985e-05
8.600000000000000000e+03 3.618009344079842953e-05
8.700000000000000000e+03 3.548906257765272750e-05
8.800000000000000000e+03 3.481149418821963227e-05
8.900000000000000000e+03 3.414712117348719559e-05
9.000000000000000000e+03 3.349568182296803635e-05
9.100000000000000000e+03 3.285691970432434071e-05
9.200000000000000000e+03 3.223058355528513665e-05
9.300000000000000000e+03 3.161642717780758919e-05
9.400000000000000000e+03 3.101420933443522126e-05
9.500000000000000000e+03 3.042369364680670382e-05
9.600000000000000000e+03 2.984464849627024781e-05
9.700000000000000000e+03 2.927684692655921366e-05
9.800000000000000000e+03 2.872006654848569196e-05
9.900000000000000000e+03 2.817408944660971401e-05
1.000000000000000000e+04 2.763870208784256381e-05
1.010000000000000000e+04 2.711369523194360177e-05
1.020000000000000000e+04 2.659886384387098260e-05
1.030000000000000000e+04 2.609400700794717179e-05
1.040000000000000000e+04 2.559892784380140849e-05
1.050000000000000000e+04 2.511343342405174365e-05
1.060000000000000000e+04 2.463733469369019374e-05
1.070000000000000000e+04 2.417044639113536360e-05
1.080000000000000000e+04 2.371258697091758967e-05
1.090000000000000000e+04 2.326357852796236332e-05
1.100000000000000000e+04 2.282324672343863733e-05
1.110000000000000000e+04 2.239142071213921515e-05
1.120000000000000000e+04 2.196793307136114392e-05
1.130000000000000000e+04 2.155261973125475089e-05
1.140000000000000000e+04 2.114531990661058604e-05
1.150000000000000000e+04 2.074587603005422488e-05
1.160000000000000000e+04 2.035413368661943443e-05
1.170000000000000000e+04 1.996994154967095413e-05
1.180000000000000000e+04 1.959315131814865819e-05
1.190000000000000000e+04 1.922361765510546941e-05
1.200000000000000000e+04 1.886119812751207167e-05
1.210000000000000000e+04 1.850575314730185830e-05
1.220000000000000000e+04 1.815714591363035957e-05
1.230000000000000000e+04 1.781524235632364031e-05
1.240000000000000000e+04 1.747991108049102213e-05
1.250000000000000000e+04 1.715102331227772565e-05
1.260000000000000000e+04 1.682845284573371248e-05
1.270000000000000000e+04 1.651207599077540296e-05
1.280000000000000000e+04 1.620177152221757933e-05
1.290000000000000000e+04 1.589742062985307887e-05
1.300000000000000000e+04 1.559890686955846077e-05
1.310000000000000000e+04 1.530611611540439639e-05
1.320000000000000000e+04 1.501893651274961208e-05
1.330000000000000000e+04 1.473725843229824909e-05
1.340000000000000000e+04 1.446097442510020484e-05
1.350000000000000000e+04 1.418997917847518903e-05
1.360000000000000000e+04 1.392416947284104340e-05
1.370000000000000000e+04 1.366344413942759879e-05
1.380000000000000000e+04 1.340770401885768051e-05
1.390000000000000000e+04 1.315685192057721849e-05
1.400000000000000000e+04 1.291079258311677620e-05
1.410000000000000000e+04 1.266943263516729673e-05
1.420000000000000000e+04 1.243268055745312036e-05
1.430000000000000000e+04 1.220044664538570049e-05
1.440000000000000000e+04 1.197264297248181941e-05
1.450000000000000000e+04 1.174918335453051840e-05
1.460000000000000000e+04 1.152998331449306716e-05
1.470000000000000000e+04 1.131496004812084789e-05
1.480000000000000000e+04 1.110403239027632235e-05
1.490000000000000000e+04 1.089712078194237426e-05
1.500000000000000000e+04 1.069414723790585765e-05
1.510000000000000000e+04 1.049503531510135659e-05
1.520000000000000000e+04 1.029971008160147331e-05
1.530000000000000000e+04 1.010809808624026840e-05
1.540000000000000000e+04 9.920127328856710437e-06
1.550000000000000000e+04 9.735727231145361880e-06
1.560000000000000000e+04 9.554828608101685453e-06
1.570000000000000000e+04 9.377363640049682318e-06
1.580000000000000000e+04 9.203265845239830734e-06
1.590000000000000000e+04 9.032470053005541312e-06
1.600000000000000000e+04 8.864912377466538054e-06
1.610000000000000000e+04 8.700530191767925046e-06
1.620000000000000000e+04 8.539262102843822358e-06
1.630000000000000000e+04 8.381047926694778236e-06
1.640000000000000000e+04 8.225828664168310407e-06
1.650000000000000000e+04 8.073546477232202020e-06
1.660000000000000000e+04 7.924144665730430178e-06
1.670000000000000000e+04 7.777567644611686350e-06
1.680000000000000000e+04 7.633760921620810443e-06
1.690000000000000000e+04 7.492671075443555222e-06
1.700000000000000000e+04 7.354245734295373858e-06
1.710000000000000000e+04 7.218433554945014072e-06
1.720000000000000000e+04 7.085184202164057175e-06
1.730000000000000000e+04 6.954448328593521746e-06
1.740000000000000000e+04 6.826177555019032799e-06
1.750000000000000000e+04 6.700324451046105598e-06
1.760000000000000000e+04 6.576842516167292326e-06
1.770000000000000000e+04 6.455686161213177827e-06
1.780000000000000000e+04 6.336810690179291111e-06
1.790000000000000000e+04 6.220172282421224619e-06
1.800000000000000000e+04 6.105727975210358290e-06
1.810000000000000000e+04 5.993435646642838716e-06
1.820000000000000000e+04 5.883253998894484852e-06
1.830000000000000000e+04 5.775142541814568751e-06
1.840000000000000000e+04 5.669061576851489209e-06
1.850000000000000000e+04 5.564972181303526493e-06
1.860000000000000000e+04 5.462836192888012848e-06
1.870000000000000000e+04 5.362616194622377149e-06
1.880000000000000000e+04 5.264275500010681299e-06
1.890000000000000000e+04 5.167778138529370173e-06
1.900000000000000000e+04 5.073088841406100885e-06
1.910000000000000000e+04 4.980173027685668798e-06
1.920000000000000000e+04 4.888996790577106959e-06
1.930000000000000000e+04 4.799526884076246588e-06
1.940000000000000000e+04 4.711730709858060089e-06
1.950000000000000000e+04 4.625576304433286825e-06
1.960000000000000000e+04 4.541032326563918927e-06
1.970000000000000000e+04 4.458068044932268444e-06
1.980000000000000000e+04 4.376653326058412504e-06
1.990000000000000000e+04 4.296758622460943604e-06
