3.731348418464561223e-02
4.378669148916745218e-02
5.058787475622183311e-02
5.780518394821261563e-02
6.469523201859522787e-02
7.210217709722625823e-02
8.055285553938150434e-02
8.832416488294798917e-02
9.663381205254729933e-02
1.055674927727222462e-01
2.413637846346677884e-02
2.822669977979007372e-02
3.246289688829759323e-02
3.708759077014222444e-02
4.175742807300728693e-02
4.678402831412287188e-02
5.183527485558043352e-02
5.711415628774745706e-02
6.249108922791275778e-02
6.804409108988786203e-02
1.909646317192082235e-02
2.238866446558241893e-02
2.576731042769270924e-02
2.926047229899395724e-02
3.312461269317923396e-02
3.695776759854469545e-02
4.099371522471558643e-02
4.507832027341992370e-02
4.950469966395083798e-02
5.392397744425959927e-02
1.625338541757783556e-02
1.898153495609189792e-02
2.193700490144101858e-02
2.498196149097312718e-02
2.820575515840330338e-02
3.148598379117874962e-02
3.498711131789038892e-02
3.859251537826170059e-02
4.212509151414978864e-02
4.591008844704804609e-02
1.439576249067106919e-02
1.685493487202820856e-02
1.945465848965558311e-02
2.219740984086881336e-02
2.496169522728363538e-02
2.796614715196733131e-02
3.096445000717164969e-02
3.414813396186908850e-02
3.738772844021488045e-02
4.068851486597002687e-02
1.306187412212677333e-02
1.530464230346900711e-02
1.768860992071374927e-02
2.012044188627679780e-02
2.268536681283718492e-02
2.535574814312606048e-02
2.812583465255304865e-02
3.098617094803833572e-02
3.394673811330445323e-02
3.697460975868709088e-02
1.204485194916748818e-02
1.413468588030996828e-02
1.627479606001997620e-02
1.853252184819374412e-02
2.091758320819166184e-02
2.340417453420085003e-02
2.593701105391306785e-02
2.856425405607963819e-02
3.125029527461357232e-02
3.411710809238015923e-02
1.123531872987435648e-02
1.316870505713532702e-02
1.518798565627177410e-02
1.729542017812625218e-02
1.950761476481377432e-02
2.179565263201000205e-02
2.417837876719327109e-02
2.663830216208634694e-02
2.919551892676252453e-02
3.174961695728338584e-02
1.055139814248971450e-02
1.236214497444648210e-02
2.742145544086272216e-02
1.627035089380758984e-02
1.834627681617147579e-02
2.051384016444824862e-02
2.275257514072259388e-02
2.505890137871253504e-02
2.743421342530460647e-02
2.986390033226695578e-02
1.000555621800675900e-02
1.172483814322512405e-02
1.353180352143912649e-02
1.540118887860667321e-02
1.736388890198123022e-02
1.942389301170931518e-02
2.151980497055031721e-02
2.370216903278750051e-02
2.599562491876175607e-02
2.829232811637037021e-02
9.527152357637897265e-03
1.115267654004678533e-02
1.286631615313076418e-02
1.466155679532321968e-02
1.654207679048147472e-02
1.847617707198789816e-02
2.050812696339593399e-02
2.258632822773038590e-02
2.471981413493035129e-02
2.693269893430602982e-02
9.105366875397924442e-03
1.066448109071802854e-02
1.230703665446642586e-02
1.400984019507757125e-02
1.581945004816069297e-02
1.766304749497389290e-02
1.961146135575836391e-02
2.158229755494753960e-02
2.361977832426898766e-02
2.576203549057514558e-02
8.746712304538739949e-03
1.024464437658108643e-02
1.179593701894294383e-02
1.345884256862507622e-02
1.516089853719924767e-02
1.695689704404810053e-02
1.879327926525922732e-02
2.072218341822319385e-02
2.269004725423465207e-02
2.472505004592487343e-02
8.420445182385407484e-03
9.852377877664918876e-03
1.136906689919793545e-02
1.293817294850412719e-02
1.460085181964916254e-02
1.632196453841894615e-02
1.810798787708630883e-02
1.994962013874770901e-02
2.184503520452540926e-02
2.381263836135441569e-02
8.123356408830056594e-03
9.516936019738349989e-03
1.097839078637430354e-02
1.250100658348421087e-02
1.410490016595662525e-02
1.576054719845784713e-02
1.747882918451593853e-02
1.925162097422548901e-02
2.108116531432552287e-02
2.298687992803831459e-02
7.855733239780428312e-03
9.198570527807946318e-03
1.062031704032880171e-02
1.210105185768558037e-02
1.364124568734227660e-02
1.524513831634983184e-02
1.692008193919543324e-02
1.862120319695141288e-02
2.041934863461094748e-02
2.222523397504090267e-02
7.617160021175017025e-03
8.920421337803947567e-03
1.028710179857275121e-02
1.173236294983424910e-02
1.323299397858487825e-02
1.478120212186775743e-02
1.638645488762388580e-02
1.806367453440654511e-02
1.977955871396166673e-02
2.154246662917264424e-02
7.390713700812691876e-03
8.669059691631609416e-03
9.998575524898335731e-03
1.139665787553059174e-02
1.284507211699837358e-02
1.436009272665919080e-02
1.592448973363696715e-02
1.754419895304236074e-02
9.992568813899430774e-03
2.093259261751713798e-02
7.196370383849242866e-03
8.430051734816189704e-03
9.729211581193029229e-03
1.108230591728492399e-02
1.249513035419474657e-02
1.397326525083567722e-02
1.550298409385556311e-02
1.706799323153926351e-02
1.870027063863296396e-02
2.036276823273379388e-02
7.015615901853906010e-03
8.217239902492250517e-03
9.477272815185349905e-03
1.080743657282934311e-02
1.217214183348911544e-02
1.361458450657848825e-02
1.509609443261378942e-02
1.662325266544381966e-02
1.821732525186777266e-02
1.983817407854535780e-02
