7.971799014885508683e+00
8.328264675730684630e+00
8.415270581075189327e+00
8.980359445852201361e+00
9.081066189347918538e+00
9.595819582558718253e+00
1.004593973353543923e+01
1.015959672411485926e+01
1.055896730562169594e+01
1.097107134676039486e+01
6.746749389178301470e+00
7.276127872090967230e+00
7.347254654382369132e+00
7.515660538183699835e+00
7.742851717403553380e+00
8.227858522825870935e+00
8.421930088521520474e+00
8.664769336052209781e+00
8.897914395445928548e+00
9.191525869578180519e+00
6.438859065552282601e+00
6.698329599335862916e+00
6.949077615095756499e+00
7.098176273367485578e+00
7.263914448601509477e+00
7.538856998127682729e+00
7.861158935836655814e+00
8.020671151659204412e+00
8.113702071540775052e+00
8.462824862171132168e+00
6.069954403512102914e+00
6.281862875041444028e+00
6.422226863354323356e+00
6.638291947094455026e+00
6.925809439546957158e+00
7.042132728141562659e+00
7.318538853670153443e+00
7.620481107079866590e+00
7.705951377492091581e+00
7.934379037400938195e+00
5.745127753113743907e+00
5.982300206538555543e+00
6.154943771648124340e+00
6.397220495962745446e+00
6.491685412851372128e+00
6.695824603121961260e+00
6.884421065551587837e+00
7.193140151245627223e+00
7.270127445614886774e+00
7.489796729226152472e+00
5.442245495234121933e+00
5.632273022530611684e+00
5.828309354912581952e+00
5.933139340824648222e+00
6.242113981585427851e+00
6.352353523623033738e+00
6.534317660604987310e+00
6.812741074461409418e+00
7.017105551961150489e+00
7.232494327976396242e+00
5.167731201609603531e+00
5.366455021577593243e+00
5.551751233499977900e+00
5.727910526357063326e+00
5.921794788996189496e+00
6.096791006238893473e+00
6.262178605328599268e+00
6.469032047468912694e+00
6.620582525840275956e+00
6.814822318476005059e+00
5.007679931287265518e+00
5.141095061980617054e+00
5.330789318248493558e+00
5.469563373892142977e+00
5.637169530755042679e+00
5.813536199880413591e+00
6.037265104690966666e+00
6.180340472244984618e+00
6.341816855412425014e+00
6.585963052169415022e+00
4.824452029777930306e+00
4.933241013569430677e+00
5.099355515597525645e+00
5.304037704859815072e+00
5.479185036722098445e+00
5.631502158578337358e+00
5.762227444927639830e+00
5.908362658960085945e+00
6.142860510252034167e+00
6.308138963732015547e+00
4.592461197326882960e+00
4.728286012175222375e+00
4.956176050194222249e+00
5.053236038144834907e+00
5.243265999138252198e+00
5.433289654388035572e+00
5.580670145625137302e+00
5.736816697297868473e+00
5.850768560372129556e+00
6.092271293328196613e+00
4.431612595569385249e+00
4.600813584531113776e+00
4.769658712807616219e+00
4.926456882117664193e+00
5.084633295803284270e+00
5.276974128819885479e+00
5.399666694383364884e+00
5.540509296122488436e+00
5.732824088126974971e+00
5.865628455869154934e+00
4.356211220306996701e+00
4.502712739357900062e+00
4.623137392261466694e+00
4.784119135856884419e+00
4.902893335092765703e+00
5.063203252119082620e+00
5.250570484835031415e+00
5.380175932889479817e+00
5.526214092562456770e+00
5.657504516435556852e+00
4.225992504104744363e+00
4.349198421390650715e+00
4.489167772427029135e+00
4.641721075911594774e+00
4.797228567397747057e+00
4.949800577416329617e+00
5.100357241528040042e+00
5.208796255735679281e+00
5.388560954335245512e+00
5.529605758689728034e+00
4.101046380913921929e+00
4.241435935455558415e+00
4.361609848282660629e+00
4.507555252062738660e+00
4.686755848126209045e+00
4.807304176274863394e+00
4.935838711035982485e+00
5.065671295355430814e+00
5.255259975803417305e+00
5.393375064229505966e+00
4.007814697433312645e+00
4.133346772591441898e+00
4.281366597342510794e+00
4.410296192898027101e+00
4.551916113444740120e+00
4.666813642268247797e+00
4.834942184026408185e+00
4.941470516852374928e+00
5.101910997730389141e+00
5.261570099278363166e+00
3.908461073354185356e+00
4.013230371391088624e+00
4.146928276788987233e+00
4.310992013160695357e+00
4.437321746508410492e+00
4.556881408100903919e+00
4.690116351052034283e+00
4.852589020432556133e+00
4.960296428742367425e+00
5.105539965295090354e+00
3.832893785473005632e+00
3.952814947814003776e+00
4.085897039253483243e+00
4.187573780713194083e+00
4.333507328707129957e+00
4.471358524533885159e+00
4.606823864741708796e+00
4.730903920785205941e+00
4.853535788923612593e+00
5.013977745708974254e+00
3.737606779647175248e+00
3.851520613536866033e+00
3.985286570011156826e+00
4.113555893394030605e+00
4.242940168116622779e+00
4.371077306567518583e+00
4.493746337857001727e+00
4.617027794887741621e+00
4.786256524949103586e+00
4.915091277344721732e+00
3.638019039260138143e+00
3.762707257789966508e+00
3.897474297667286258e+00
4.024772658573368744e+00
4.149378529099853274e+00
4.271185038394865074e+00
4.404045852156628804e+00
4.547645692763946812e+00
4.689351392801331286e+00
4.800412998488850391e+00
3.579158402886053469e+00
3.700481140807510450e+00
3.821821785911626357e+00
3.943062305937891310e+00
4.086344376204322337e+00
4.191506122399690781e+00
4.326628278618603218e+00
4.443009674951930776e+00
4.566502708263761257e+00
4.710402668136346449e+00
