6.358966997809091026e+01
6.414713648317406580e+01
6.509848813798581091e+01
6.647108786579102002e+01
6.713448823598774595e+01
6.844663271466963295e+01
6.983882030634646298e+01
7.022158068537171971e+01
7.086239412142860772e+01
7.156041688426532232e+01
3.431099578804466432e+01
3.557432053918076775e+01
3.659179180383292618e+01
3.752570951305774827e+01
3.896249215899355534e+01
4.011889017766052490e+01
4.125843648700548982e+01
4.241559389565282601e+01
4.380267437315832524e+01
4.473609304566752343e+01
2.261570538224029292e+01
2.364928489165401615e+01
2.437005752559969096e+01
2.494634833580374078e+01
2.578289280392786154e+01
2.655290571037442149e+01
2.739606831303269630e+01
2.838208608344831063e+01
2.900166350330072618e+01
2.989664740018704947e+01
1.752569423547770811e+01
1.812105152396989283e+01
1.863508877694116705e+01
1.924478154560658894e+01
1.995869850001052015e+01
2.047173660180370902e+01
2.113134783945795547e+01
2.183119824818268739e+01
2.240608590933644351e+01
2.308516322219778161e+01
1.459212851671800237e+01
1.511399330714598932e+01
1.558437810772666232e+01
1.612766275510835712e+01
1.658262691256345178e+01
1.706680048106649750e+01
1.754988416525657868e+01
1.818366874618905982e+01
1.863400137940550394e+01
1.918093530028828653e+01
1.265666384235292696e+01
1.308240561576332261e+01
1.350106386878504594e+01
1.392353153068872729e+01
1.440710362908923692e+01
1.483474241625663304e+01
1.522404192713466387e+01
1.579670849615616923e+01
1.622665266176037235e+01
1.672893533850905357e+01
1.124319870380170094e+01
1.166323533220625031e+01
1.201607313773348729e+01
1.240850587106490366e+01
1.284084276134783309e+01
1.323880592610577978e+01
1.361974201147331520e+01
1.401349269377828222e+01
1.443148064640120332e+01
1.482039878028165347e+01
1.024925166748821681e+01
1.059773481802940331e+01
1.094211359141032247e+01
1.126665395349937704e+01
1.163255371486069301e+01
1.199290407379337431e+01
1.241366409483633859e+01
1.272798844803325125e+01
1.307073867359426522e+01
1.351240958440380702e+01
9.481394020184715998e+00
9.733352591916307972e+00
1.007411737205292113e+01
1.044342438954702246e+01
1.073362551771853823e+01
1.108708715677023982e+01
1.139151683163860973e+01
1.165250298416766306e+01
1.208390942491528719e+01
1.239264093114377729e+01
8.735930676559039654e+00
9.040676760930148603e+00
9.368950212354839380e+00
9.636942400276293341e+00
9.919837460749125313e+00
1.027274559571197443e+01
1.058256672697267575e+01
1.089827231063354951e+01
1.117202571063608652e+01
1.154224524105980798e+01
8.174893963490582394e+00
8.470849204312106195e+00
8.762374312642227991e+00
9.053803539535193678e+00
9.342283926889402679e+00
9.672711151347614944e+00
9.914012411051693618e+00
1.018815685601291499e+01
1.051329381476168834e+01
1.079260730358627818e+01
7.768291793302003256e+00
8.019761651704193639e+00
8.270538286616391233e+00
8.549217752166406115e+00
8.794145066289729584e+00
9.056212445762623631e+00
9.387724380504986144e+00
9.607135288070841384e+00
9.900667397000475489e+00
1.016446317081192774e+01
7.369085177764507222e+00
7.583446463905120005e+00
7.843275444432111776e+00
8.134050315263847253e+00
8.380030580184950395e+00
8.635567685656228676e+00
8.902857713234951120e+00
9.100807484803338454e+00
9.415935617419343373e+00
9.682157359062330215e+00
7.006263084321268764e+00
7.261854265905075323e+00
7.470895727162707445e+00
7.720574142790757932e+00
7.991010742898056129e+00
8.229451510670488190e+00
8.442326047032754133e+00
8.672424065974176699e+00
8.965263031160841223e+00
9.205555889699462924e+00
6.711020079243150249e+00
6.918705707089045198e+00
7.168461815171633056e+00
7.396530969958727830e+00
7.623446206621088628e+00
7.833935201104406332e+00
8.094709484090705232e+00
8.303390959964303875e+00
8.560803153225082340e+00
8.811594940920345564e+00
6.421386273087648533e+00
6.625481687666846753e+00
6.858400630011463939e+00
7.090561586611996425e+00
7.313396816478168638e+00
7.534972943131061918e+00
7.739147352319266204e+00
7.996770740266052613e+00
8.199480886277475733e+00
8.428704597125312503e+00
6.198316601262313874e+00
6.405222342477022046e+00
6.630298188945311644e+00
6.802968826921266476e+00
7.028870680844542917e+00
7.239752157620820583e+00
7.476596572687749465e+00
7.679352249510018602e+00
7.876855365771601392e+00
8.141698360840864623e+00
5.985795440666949574e+00
6.164180166142597450e+00
6.372668285329104343e+00
6.591782754964374824e+00
6.789247307479109317e+00
6.994241167419380290e+00
7.207081003470110048e+00
7.397948384804798216e+00
7.659770516956150743e+00
7.874389085623469065e+00
5.748026157601029418e+00
5.946473596335865253e+00
6.160978745818900038e+00
6.364038972401541372e+00
6.567722686367936547e+00
6.745009046825127363e+00
6.969922851297588373e+00
7.183546019722722775e+00
7.410706000324347897e+00
7.587127267793341900e+00
5.592882778571214075e+00
5.779737647459540995e+00
5.960390711812899589e+00
6.159218709667005243e+00
6.369466280612528841e+00
6.549291690655026699e+00
6.747946433049004433e+00
6.948051126198535599e+00
7.145865842893218911e+00
7.347123033505194023e+00
