7.166951944060379276e+01
7.194214890179624433e+01
7.325860370954602274e+01
7.373357670053755442e+01
7.467262419905061677e+01
7.542726044117482331e+01
7.551045439561535488e+01
7.687068697427596931e+01
7.707005210850827837e+01
7.826256778780509649e+01
4.498338546349209821e+01
4.604482403293818038e+01
4.712281018383916376e+01
4.860171465089332798e+01
4.930401282955006792e+01
5.059271893558767630e+01
5.181466839158179738e+01
5.288908331712942612e+01
5.436684369647325354e+01
5.536964455438962318e+01
2.995099587693313126e+01
3.085088474963444938e+01
3.171410042097703652e+01
3.245833163121504583e+01
3.328320164343980281e+01
3.424857248590667780e+01
3.526103072990279941e+01
3.604413073066064044e+01
3.697426174557946155e+01
3.782294584339860677e+01
2.306673019128799140e+01
2.375951449292038831e+01
2.425260380354783507e+01
2.499109676530324009e+01
2.567708184160624185e+01
2.635504576379646835e+01
2.706329604760983187e+01
2.775148239781491100e+01
2.841314305846416133e+01
2.911047765653505337e+01
1.917164158984266109e+01
1.973884031752297119e+01
2.039523632606737280e+01
2.091106742227638904e+01
2.129054194388902133e+01
2.190733132278473860e+01
2.255270076571923354e+01
2.305902793246268700e+01
2.363774748752029708e+01
2.418580926030119826e+01
1.664559776563406501e+01
1.711000873055636262e+01
1.756288782001964321e+01
1.806977134066885071e+01
1.860363650469741614e+01
1.909028406728508998e+01
1.953806677893193822e+01
2.001415901865759039e+01
2.054741784130160198e+01
2.104338620824243833e+01
1.482334178626076415e+01
1.524521533968330012e+01
1.569555023745908606e+01
1.612883206695288507e+01
1.656400149518795573e+01
1.698072950623561894e+01
1.744872389072418173e+01
1.792922076186462732e+01
1.832880077999207558e+01
1.884749916007884707e+01
1.342852249713405222e+01
1.385740686701622870e+01
1.422558579360149977e+01
1.461770962384041894e+01
1.494265454912185120e+01
1.550967081245092061e+01
1.577683015870255012e+01
1.623085392170598595e+01
1.662645448173904938e+01
1.704144992910571332e+01
1.239342994120829289e+01
1.277026183805192971e+01
1.312289476094546004e+01
1.343986723396892202e+01
1.383855836356710967e+01
1.415583093658728231e+01
1.451079587391291348e+01
1.487458060290160766e+01
1.526455143386255564e+01
1.561877607505947374e+01
1.153801593975334860e+01
1.187251941255740384e+01
1.220887897368357677e+01
1.246903641214663061e+01
1.284647063509436116e+01
1.315097605864290564e+01
1.351376685332187932e+01
1.383944882797120357e+01
1.413629693191269077e+01
1.449640771005199014e+01
1.074199192578860718e+01
1.111206346036101955e+01
1.138808303066683436e+01
1.173108072288595061e+01
1.204118249672455221e+01
1.231449767143329943e+01
1.271409931533566073e+01
1.303640030858862175e+01
1.339393132147228371e+01
1.364508543835449750e+01
1.016476862908917234e+01
1.047860497003259006e+01
1.076711020354122716e+01
1.101949992790997968e+01
1.132308318290186833e+01
1.163323478786360887e+01
1.193206994988639735e+01
1.222236268354662059e+01
1.257605305396466733e+01
1.288935143830603991e+01
9.673370050645475615e+00
9.931676285053999464e+00
1.022128084523737002e+01
1.049533253068999095e+01
1.073421290486794000e+01
1.105843598157163754e+01
1.132793749527875526e+01
1.160737134479522936e+01
1.188709533092596438e+01
1.224988214102324235e+01
9.202472033675681118e+00
9.471914075753538498e+00
9.754969432285234276e+00
1.001249115346436014e+01
1.025816025121297415e+01
1.048945814394838649e+01
1.080490246731423554e+01
1.108421759819346875e+01
1.135969012569522896e+01
1.162162681415784959e+01
8.808263200185111330e+00
9.061439945255632011e+00
9.282875115089423090e+00
9.599290652070431307e+00
9.830534539845066533e+00
1.009831819548692167e+01
1.034135602132390908e+01
1.056854726779010178e+01
1.087139468201112535e+01
1.111168802553262580e+01
8.474915973583895479e+00
8.715048308012326217e+00
8.959106888469863250e+00
9.184952054399959209e+00
9.446991851049000744e+00
9.644906255921029015e+00
9.907478661638247530e+00
1.014433780230727145e+01
1.041853008267578495e+01
1.066149582922349914e+01
8.130971798144019047e+00
8.345477019955886533e+00
8.643525489110317039e+00
8.843220756633311197e+00
9.043174720127289845e+00
9.289755854133378676e+00
9.504984575576724382e+00
1.000504994953110227e+01
1.001937328012635930e+01
1.025263302514515296e+01
7.864444513767783640e+00
8.070684877179211014e+00
8.289603300137409647e+00
8.531258772552146041e+00
8.737349632166605318e+00
8.977311103449261864e+00
9.196165705252479228e+00
9.431262265739652761e+00
9.651674592852112156e+00
9.907617468809661432e+00
7.577380831949957596e+00
7.791842009559559301e+00
8.021546146353419005e+00
8.243206204914242718e+00
8.428950275367817824e+00
8.656732985229464106e+00
8.909443907066609825e+00
9.126412696944559144e+00
9.309351023798653202e+00
9.612747974798093509e+00
7.351182579180892240e+00
7.582531342414028153e+00
7.742820404580791127e+00
7.973823517317633502e+00
8.156343663462239491e+00
8.399954511833833237e+00
8.598050709044063211e+00
8.823880870046679092e+00
9.049154436789992317e+00
9.300654526984567738e+00
