8.513113054395083168e+01
8.555798799564126966e+01
8.596049007750974624e+01
8.575606357019125880e+01
8.590712266880566972e+01
8.725622582432356467e+01
8.748276007058061055e+01
8.786540295306147641e+01
8.737675675113970897e+01
8.795890197319475590e+01
7.268398954669238776e+01
7.345885903581618948e+01
7.409259647736026011e+01
7.452656046691006964e+01
7.520723020210540710e+01
7.619551784555245888e+01
7.740014027649530703e+01
7.744660323490771248e+01
7.839704118451744819e+01
7.860048024035653214e+01
5.544203382225240517e+01
5.624531345159048357e+01
5.689640350293225879e+01
5.841036257538124943e+01
5.938882264945313949e+01
6.000084476760873287e+01
6.118270993006816383e+01
6.204265241534242392e+01
6.294840359994225309e+01
6.349350726535617895e+01
4.302016483653476087e+01
4.381738061678124296e+01
4.484008244141261201e+01
4.535764898932347222e+01
4.625322832299383435e+01
4.732081145971315550e+01
4.788540037605612554e+01
4.900246176484794347e+01
4.978302300051706908e+01
5.063294130655955172e+01
3.575125420213397831e+01
3.630519101574810037e+01
3.702759190507297404e+01
3.771978830434206031e+01
3.844591376313443476e+01
3.907361921024125451e+01
4.000853064367478851e+01
4.040718753713723999e+01
4.121330117741378274e+01
4.211313878175192116e+01
3.086803618045794551e+01
3.154367258622258063e+01
3.205025062067794295e+01
3.268684730040408937e+01
3.317017852252071464e+01
3.373430037480664367e+01
3.443228278756273397e+01
3.492157232153204660e+01
3.564248500205000880e+01
3.623524940236220715e+01
2.740530684681356632e+01
2.804510549540608366e+01
2.852416548986725076e+01
2.897439805954552128e+01
2.951695996073820538e+01
3.007453763928645429e+01
3.070571934158570571e+01
3.117369946350383358e+01
3.165636258377955770e+01
3.216539705062588439e+01
2.490428481245972847e+01
2.537068100480831845e+01
2.576921410133861556e+01
2.644836454111582569e+01
2.685040859122026191e+01
2.721127691815352634e+01
2.771052590273971106e+01
2.824027549145812799e+01
2.862935405835245462e+01
2.920687633099589675e+01
2.294641903841512942e+01
2.336550573096926442e+01
2.366438840510205921e+01
2.421344731524444427e+01
2.456517524084117809e+01
2.512932657247855417e+01
2.550681783062966446e+01
2.596727110617309009e+01
2.644763811020936473e+01
2.688866829816898729e+01
2.122974782929885862e+01
2.161713733322164543e+01
2.207164301330734446e+01
2.246083869501665475e+01
2.288651737115095841e+01
2.319858825033634275e+01
2.372424466785746233e+01
2.402934346352663297e+01
2.444130189011267262e+01
2.498614708979995669e+01
1.995633440042125173e+01
2.027892638887587751e+01
2.065424972671834425e+01
2.098825504027453448e+01
2.144156506929042649e+01
2.179299979944046228e+01
2.223767304153318136e+01
2.260531138941925633e+01
2.297630731979820240e+01
2.344718117738467456e+01
1.880574888600180117e+01
1.916893393026877135e+01
1.945778187355399425e+01
1.979553886312486100e+01
2.016937662193069869e+01
2.058747333468641472e+01
2.090427502922181091e+01
2.133214460712657257e+01
2.172162347504069402e+01
2.211539916308626630e+01
1.776614566806201267e+01
1.817963749822779462e+01
1.849546107469808831e+01
1.882167016858669939e+01
1.911602881652759933e+01
1.949637020142349897e+01
1.988018076527954747e+01
2.017618261961805004e+01
2.052963806110673417e+01
2.087624226440559028e+01
1.691700504977510278e+01
1.733285184512771693e+01
1.757368102790946907e+01
1.792185233861016869e+01
1.826013226709880399e+01
1.861579500844022306e+01
1.886289116997785698e+01
1.923881571497548038e+01
1.960542972888431024e+01
1.982138631594652978e+01
1.622592458103415325e+01
1.656302159308210520e+01
1.684450036513168314e+01
1.711920883818619288e+01
1.745009657393300984e+01
1.780276765110513182e+01
1.802561531545305229e+01
1.832777620806067276e+01
1.873056378265086153e+01
1.900894862881710523e+01
1.558209566982503524e+01
1.589226741248378083e+01
1.620352585420297942e+01
1.643298998156351232e+01
1.678095037139217638e+01
1.705995638745872611e+01
1.735158431736025975e+01
1.768712440218676818e+01
1.795892784304942680e+01
1.822661331171644861e+01
1.495886605866828489e+01
1.525678888699909663e+01
1.556933096884343470e+01
1.576676301570940630e+01
1.612014945251689113e+01
1.642417219488861235e+01
1.672399006432519997e+01
1.699261468626922778e+01
1.725759988709117110e+01
1.755695151915436369e+01
1.441609735510488122e+01
1.471324709141278930e+01
1.498744623764769202e+01
1.525506159302257991e+01
1.549273533247633594e+01
1.581932759575321512e+01
1.605192799580138541e+01
1.637024970219587772e+01
1.665525223433509439e+01
1.699215380675044429e+01
1.396590303819578338e+01
1.422415235833762814e+01
1.452351176623272266e+01
1.475493534234655968e+01
1.500471343173027883e+01
1.523776539317375978e+01
1.557405746568969462e+01
1.586158478266556848e+01
1.606579582696102904e+01
1.636612766646497974e+01
1.347819827140118498e+01
1.380205306842043278e+01
1.398842948128467789e+01
1.428889728466369036e+01
1.453992031864805057e+01
1.484498171009697742e+01
1.508221687456157412e+01
1.536522980017475248e+01
1.582579790389943675e+01
1.587858387281644745e+01
