7.778485181437707752e+01
7.824436114912379026e+01
7.870685538033728790e+01
7.878884896534826510e+01
7.968787714591486804e+01
7.987388680850936851e+01
8.091531245013577234e+01
8.182656675020783155e+01
8.143333727884723316e+01
8.188023296465698309e+01
5.507174002051193185e+01
5.608962540966244603e+01
5.740569716535285494e+01
5.804640233507283398e+01
5.963283723992205410e+01
6.074671145226341196e+01
6.219426748065556154e+01
6.260415300885164669e+01
6.363831749657931169e+01
6.428765006819121197e+01
3.795409732076920761e+01
3.889535659621215302e+01
3.986392978014044530e+01
4.055808598281000599e+01
4.146747742742567766e+01
4.224167935384027572e+01
4.342459379891428739e+01
4.454800910366532918e+01
4.572423368588081871e+01
4.647252805023032352e+01
2.933146681709846959e+01
2.989984294350077931e+01
3.055189290346129738e+01
3.135292389157542559e+01
3.216173080791444505e+01
3.291744908539697434e+01
3.367212148386280290e+01
3.422988034876496499e+01
3.517927739002550425e+01
3.578304664641139254e+01
2.421527208166122591e+01
2.486085050277922903e+01
2.544191733462952953e+01
2.608003679993838730e+01
2.665230949939442695e+01
2.733853614904045415e+01
2.779257176970819287e+01
2.859278008196830001e+01
2.910598142335165051e+01
2.956416877565089507e+01
2.100422866690396617e+01
2.148141524155801818e+01
2.195248121279031750e+01
2.250494721566483136e+01
2.319324740305786037e+01
2.367698858653744409e+01
2.416449151325689115e+01
2.470143229598923895e+01
2.534245125760678619e+01
2.586697496791831341e+01
1.863765606125389596e+01
1.921460465983894395e+01
1.968704788968575770e+01
2.008412562905397536e+01
2.061735267518384163e+01
2.099455581201391752e+01
2.154949767040323749e+01
2.194729411728699375e+01
2.239731904330148282e+01
2.298970225958609959e+01
1.697879135385427318e+01
1.741325530015502565e+01
1.789519000092106538e+01
1.823815586670911415e+01
1.866331032279851598e+01
1.905510684455526516e+01
1.944081309337459018e+01
1.998190891275161007e+01
2.039558752192442626e+01
2.086658666719707611e+01
1.566397356039188793e+01
1.596686436728987957e+01
1.638989093436711642e+01
1.676957408700362606e+01
1.713426630165435327e+01
1.754372050383096848e+01
1.795851943731218014e+01
1.828489654871028947e+01
1.868584805585657094e+01
1.925695746250669771e+01
1.455155674461227555e+01
1.485413044831987506e+01
1.528337683122966872e+01
1.561370499288122105e+01
1.596547409146031349e+01
1.630044835445760754e+01
1.668588426462783048e+01
1.707515130189019814e+01
1.736320241180586876e+01
1.779343193161854231e+01
1.360933766490108354e+01
1.394375526971507107e+01
1.432207033552100839e+01
1.463278334868481600e+01
1.497908053089831171e+01
1.527059541732231729e+01
1.568250089502693356e+01
1.590035883710124232e+01
1.631372853675390644e+01
1.668788080545878927e+01
1.285348589227590388e+01
1.317403353846668423e+01
1.347623869853187450e+01
1.376453001335412729e+01
1.411375468330439276e+01
1.440034215888146818e+01
1.477505393334906003e+01
1.510336250232353805e+01
1.539147489097508270e+01
1.568567962663520987e+01
1.214665113113091444e+01
1.248979680525352087e+01
1.274140584480437077e+01
1.308234414358808451e+01
1.343244179586323739e+01
1.371853157182452598e+01
1.399464382922874073e+01
1.430827837453951368e+01
1.458569716455910736e+01
1.494118785409752981e+01
1.162366468398237096e+01
1.189046122525375537e+01
1.220681140775561602e+01
1.245973330008532898e+01
1.277065793092775614e+01
1.303581721946932426e+01
1.332730127207431892e+01
1.355848406566310693e+01
1.393252482863574038e+01
1.415966094265464470e+01
1.110718219577081989e+01
1.135951345976210547e+01
1.166499449300750868e+01
1.193718202492482661e+01
1.220391161301162342e+01
1.246789776422895812e+01
1.272634085753173316e+01
1.305157071554876680e+01
1.332573201911557881e+01
1.359962593182327772e+01
1.066825778451277174e+01
1.090456974758942721e+01
1.115180812834401358e+01
1.141028491814633128e+01
1.169171783290474664e+01
1.194589979651652989e+01
1.219053641105555030e+01
1.250913067355933350e+01
1.279080551236114793e+01
1.306810150160431938e+01
1.028958008692001869e+01
1.052656561688652204e+01
1.075705588060908546e+01
1.106168923120943859e+01
1.125146890480871953e+01
1.153815420108701595e+01
1.178976153835541929e+01
1.203965688869427453e+01
1.229344094979415480e+01
1.253671155607047183e+01
9.939441365617929236e+00
1.008020173321475177e+01
1.036109078038249187e+01
1.063231363317228961e+01
1.084109255246829839e+01
1.109571286461061490e+01
1.134576665168668086e+01
1.159789989743352834e+01
1.182332726446476556e+01
1.209708693318551731e+01
9.548811320858648699e+00
9.815971661724441688e+00
1.006006364045951074e+01
1.029219423899855990e+01
1.048693133833408631e+01
1.072978734564931713e+01
1.098886073143399322e+01
1.120527890034491669e+01
1.146508888526907022e+01
1.168809088829798171e+01
9.281626089090702081e+00
9.512120086180571477e+00
9.727454742641535645e+00
9.907590104528649633e+00
1.019501630302758421e+01
1.038619300000621060e+01
1.060167710834763355e+01
1.086689100137280128e+01
1.109318224697273081e+01
1.135037604959541646e+01
