8.485723245998881836e-01
8.594821357144393215e-01
8.667047116366300985e-01
8.780503767249914215e-01
8.866409352140980360e-01
9.013703636303241895e-01
9.131965619548673141e-01
9.184875239052431306e-01
9.299285915687403037e-01
9.368333019223870073e-01
6.456528004853473446e-01
6.584702684512279136e-01
6.692127874205918703e-01
6.787314874972115719e-01
6.906920849877210555e-01
7.027995278180766414e-01
7.148265112809438770e-01
7.248796320831062401e-01
7.376883722144500499e-01
7.462892800181174513e-01
5.182754225304627704e-01
5.281643564701027360e-01
5.385803048420985117e-01
5.476281633534449966e-01
5.592074436399555593e-01
5.672510309077830604e-01
5.779014996425365647e-01
5.888518775327731269e-01
5.982321057503336981e-01
6.074923404553330686e-01
4.421901930230571209e-01
4.501635253625327904e-01
4.584873073711139280e-01
4.675906538524845502e-01
4.753237453842224514e-01
4.842238704207828537e-01
4.931245000800048572e-01
5.008525977671869356e-01
5.104391474991925026e-01
5.193796868539573008e-01
3.918589682802252061e-01
3.990374026314887357e-01
4.058318160387775486e-01
4.139876973831833618e-01
4.208786921742011522e-01
4.285292059181913804e-01
4.366081857396982846e-01
4.438157372095259401e-01
4.516191936013988495e-01
4.597264861801181879e-01
3.546997534036286925e-01
3.612815254906471818e-01
3.678603693753201287e-01
3.750957665905033100e-01
3.812048748154859834e-01
3.881754941381770352e-01
3.951072060516463424e-01
4.020666743879158789e-01
4.086542556858040465e-01
4.159334172913300987e-01
3.266833029902285190e-01
3.329084098504303535e-01
3.392399975844365700e-01
3.454813742533514032e-01
3.511250619346720780e-01
3.581236754912303644e-01
3.644462254644513788e-01
3.704358418622800686e-01
3.769507077396989092e-01
3.832027092346615427e-01
3.048705124417553369e-01
3.102759639282089976e-01
3.160868947336030743e-01
3.219151820335514058e-01
3.274263344651714980e-01
3.331953735351428358e-01
3.393293186276977180e-01
3.446093475904056236e-01
3.510485655803213811e-01
3.570261768681547432e-01
2.863881947501153991e-01
2.918333481431479859e-01
2.967056009069000133e-01
3.024290623811476397e-01
3.076097515527681514e-01
3.137415512499676096e-01
3.185341941436890534e-01
3.243917660926047830e-01
3.306230321505604364e-01
3.359976684103086475e-01
2.707435554088339913e-01
2.762740561675856021e-01
2.813028565087628552e-01
2.862876735357707259e-01
2.915917693523417675e-01
2.965983211397605346e-01
3.015320484244347066e-01
3.071150129167300458e-01
3.125155359085050044e-01
3.175342187438473518e-01
2.578675003791152109e-01
2.627214662162962733e-01
2.675294870099542699e-01
2.723386489382653153e-01
2.773465898671255703e-01
2.822242620535139190e-01
2.871351587361300473e-01
2.924623420135475382e-01
2.971327597586028157e-01
3.024084026581012608e-01
2.464345690583974458e-01
2.510610673425119344e-01
2.555756717208177431e-01
2.602041769514845115e-01
2.650867046983144126e-01
2.697184582782332640e-01
2.744205133566019472e-01
2.793485692690804156e-01
2.839182777613601938e-01
2.889686207193463696e-01
2.365943196639503365e-01
2.409818226999185242e-01
2.454698878516402560e-01
2.498441378149348358e-01
2.544442956953100743e-01
2.588903220050292053e-01
2.635014942912671798e-01
2.679170151015324297e-01
2.723408453114539163e-01
2.773239613563684980e-01
2.278546562863956182e-01
2.322331899966943447e-01
2.362785685851984119e-01
2.406406634689502444e-01
2.451724613599795821e-01
2.494615131707710876e-01
2.534488620319325092e-01
2.580602499510771253e-01
2.624630437345690237e-01
2.668728323413875891e-01
2.196307038923645261e-01
2.238543288534059206e-01
2.279638280263758254e-01
2.320491663255362103e-01
2.362536369030403538e-01
2.403694118021201254e-01
2.447424353465877667e-01
2.489093195919077628e-01
2.534005253247680889e-01
2.574447324032414497e-01
2.125140876536821821e-01
2.166879275587832165e-01
2.205194270428144643e-01
2.246289421476287962e-01
2.284371907432075632e-01
2.324576597466387062e-01
2.365123081944214278e-01
2.408828258012678525e-01
2.451450398393034136e-01
2.493039006152793780e-01
2.062478530994514003e-01
2.098892919569674831e-01
2.138996438538509348e-01
2.176129239969782914e-01
2.215517338206434150e-01
2.255408090084250472e-01
2.294630122743743228e-01
2.334676253994563411e-01
2.376991629200125300e-01
2.417595529211552519e-01
2.001102079193972094e-01
2.039264310782049339e-01
2.076213721083497721e-01
2.113492303112368131e-01
2.152640773787633521e-01
2.192700781414807787e-01
2.226933470192128950e-01
2.268299987315604005e-01
2.306716660204106706e-01
2.344535004686350288e-01
1.944907997206557215e-01
1.983033099204131733e-01
2.020141902085590135e-01
2.057417537095251603e-01
2.092489349269210375e-01
2.131374600213459813e-01
2.168130348572167854e-01
2.205993283923962933e-01
2.245048335404468132e-01
2.283009557978071813e-01
1.895597009333151450e-01
1.931450826329309256e-01
1.966520500375039116e-01
2.001484070249883451e-01
2.039113422184294644e-01
2.076999706725178307e-01
2.112340958567990867e-01
2.149315234074020697e-01
2.222918514971740089e-01
2.222444652903861895e-01
