7.428185689508577383e-01
7.561015916334742348e-01
7.657457149539259600e-01
7.723138052825071487e-01
7.879947215119570414e-01
8.018233557845378945e-01
8.088061969769821946e-01
8.252306766793955362e-01
8.381328571057362620e-01
8.475811884198262147e-01
5.439486149997123654e-01
5.543373180189198335e-01
5.661625854922416323e-01
5.778576076733006328e-01
5.890237249450862578e-01
6.010054768324233354e-01
6.116175124353878667e-01
6.242164490994588366e-01
6.340409597542158160e-01
6.443806307050525817e-01
4.337528569765589648e-01
4.422731712993098196e-01
4.516160877130501738e-01
4.614401957939966437e-01
4.708588275583007188e-01
4.802899182846399606e-01
4.900770923877200147e-01
5.016625489226755885e-01
5.098010841496021239e-01
5.174355174085600861e-01
3.693017457311229546e-01
3.770967593651439742e-01
3.851836767023948949e-01
3.932674508907517685e-01
4.019808132935464018e-01
4.098683858152287751e-01
4.178482440046107360e-01
4.256233838588990293e-01
4.338937918264099691e-01
4.423134883700645670e-01
3.270317466308076959e-01
3.343097797976231078e-01
3.409940848257091983e-01
3.478883669239854481e-01
3.555706383802662018e-01
3.624306297400411991e-01
3.697281337878652319e-01
3.771359540590697446e-01
3.845338816596606812e-01
3.912852101221543366e-01
2.964382509823893508e-01
3.029426276144449592e-01
3.092731787869158477e-01
3.162464178100854451e-01
3.218406495844738924e-01
3.285940581729848708e-01
3.356768874400175573e-01
3.412823450684370763e-01
3.481777225797482722e-01
3.548498514729763187e-01
2.734858027273008307e-01
2.789919243966925144e-01
2.853482187892244504e-01
2.910674188105938920e-01
2.970094588556090320e-01
3.021039333232687918e-01
3.084875600495752268e-01
3.146416282511335094e-01
3.201904178088494923e-01
3.270598306156518031e-01
2.546242598149472403e-01
2.599082655785447948e-01
2.655604733973680465e-01
2.710565146187656760e-01
2.768554182037531453e-01
2.822969728419890689e-01
2.878451241725876186e-01
2.929968358463451716e-01
2.987186003336735340e-01
3.045050443150538744e-01
2.397546130629145678e-01
2.445193802601673960e-01
2.496435801283540812e-01
2.549890975815655159e-01
2.598753152792795951e-01
2.652181341204832843e-01
2.705080277334597771e-01
2.757452886129507230e-01
2.810708112803627090e-01
2.864511689233144587e-01
2.267605458757550874e-01
2.315271350921834781e-01
2.364563987948998247e-01
2.414608804998010783e-01
2.460724811590953298e-01
2.511005171790383628e-01
2.557892408549526375e-01
2.612032682031891762e-01
2.660595213129401393e-01
2.706338921628262950e-01
2.160398928298843946e-01
2.206911692547980086e-01
2.249598257849299565e-01
2.294100571208794181e-01
2.344324065554950487e-01
2.388897159196193831e-01
2.434351562181430728e-01
2.485276795875932532e-01
2.529109052358962106e-01
2.576699909413221468e-01
2.062702294075308140e-01
2.107068405613303219e-01
2.152735536759552981e-01
2.194498998310778493e-01
2.241207781164905599e-01
2.285984440507209947e-01
2.328982054605973073e-01
2.376199830807196323e-01
2.418915944820009267e-01
2.465160041862797524e-01
1.981984805222257173e-01
2.022353311850260682e-01
2.063484830630257227e-01
2.106080819486662037e-01
2.147486112695231875e-01
2.190041111535695750e-01
2.233158934090964665e-01
2.279104163313694364e-01
2.319972065524569804e-01
2.363986583406293696e-01
1.907043484960744550e-01
1.946880368134804029e-01
1.986407618738050551e-01
2.028344101549156564e-01
2.068928182521737880e-01
2.108871354301276035e-01
2.152159340122457576e-01
2.193537340483750209e-01
2.234204782084152630e-01
2.277978616548256285e-01
1.840015469104931967e-01
1.877605947978774059e-01
1.917250084429589219e-01
1.955298819254191467e-01
1.995515095929386584e-01
2.033837204236164375e-01
2.073611882655398697e-01
2.116459981391731193e-01
2.155101038498708488e-01
2.196515257923325470e-01
1.781841401962457327e-01
1.817764277763294634e-01
1.854301457130658748e-01
1.894376360155087258e-01
1.930974242615846048e-01
1.970698262403188239e-01
2.010299651268530607e-01
2.047315093322037982e-01
2.086051087775521728e-01
2.125494302018728632e-01
1.726030657836609139e-01
1.762128917066132505e-01
1.800042512936040062e-01
1.836510543446420174e-01
1.872220936889952281e-01
1.909341818342506492e-01
1.946721584212289524e-01
1.983121497962769819e-01
2.022750138657622154e-01
2.062436340166241278e-01
1.676721646835183099e-01
1.711695868241149276e-01
1.746936713023080345e-01
1.785035093547251428e-01
1.816731259986531510e-01
1.854831241171820966e-01
1.890379973965944094e-01
1.925623937658581530e-01
1.964160200933625089e-01
1.999666317061584708e-01
1.630723795112161423e-01
1.665702171483965932e-01
1.700097419143173361e-01
1.734380430338394452e-01
1.770813295806141774e-01
1.804059056017616736e-01
1.838384409867400704e-01
1.874098510480820545e-01
1.910740651849349436e-01
1.947215677232591868e-01
1.588464484590935699e-01
1.621653967779588812e-01
1.655047883384639928e-01
1.688805747250064493e-01
1.723929428503348515e-01
1.756760018499072262e-01
1.791052797660388773e-01
1.827901741943097347e-01
1.860577626838129661e-01
1.896584328994355140e-01
