3.767335638022891686e+01
3.847012708628037814e+01
4.044571600412628243e+01
4.224294449499273441e+01
4.415684061973843910e+01
4.565584795056802392e+01
4.703277233389941614e+01
4.846397417914346306e+01
5.015939435362480481e+01
5.200202461177641311e+01
1.599498921316640576e+01
1.694368846912542637e+01
1.769427020859671984e+01
1.865436579521609062e+01
1.966671766167012692e+01
2.056661109235569640e+01
2.160547073080305580e+01
2.260476842187177482e+01
2.353836870080571586e+01
2.475279640046257867e+01
1.051854777498513549e+01
1.106701396507985180e+01
1.170384258367046115e+01
1.226820346496286973e+01
1.292748327158881416e+01
1.357535952626722064e+01
1.420725998749300345e+01
1.489941461929770483e+01
1.554814742042554343e+01
1.621024093677451816e+01
8.078239637219631675e+00
8.572271306063546703e+00
9.020556916159950589e+00
9.522906778655659821e+00
9.930020130874654072e+00
1.047462760535515613e+01
1.093059439171827840e+01
1.145386993882722493e+01
1.200364301467805994e+01
1.247401375346670171e+01
6.763477905973744875e+00
7.149190817121494845e+00
7.521892730059680510e+00
7.914135461415571449e+00
8.316252077857994252e+00
8.721608296787909609e+00
9.104311280198901457e+00
9.522502597673236480e+00
9.989354519241711472e+00
1.044031840293488855e+01
5.840567093194029447e+00
6.178098230224805754e+00
6.547901477999706010e+00
6.885018976907801402e+00
7.195936324822520547e+00
7.605815766326922578e+00
7.912716010696966507e+00
8.281722554214582033e+00
8.642417333489108344e+00
9.033305647587249965e+00
5.238452345374345676e+00
5.553026916907199073e+00
5.811942463404571768e+00
6.158624451919125775e+00
6.441146257275673470e+00
6.744333669822104582e+00
7.056902654256493435e+00
7.391848987707062335e+00
7.749605028539442664e+00
8.071885221353465312e+00
4.754430747140121483e+00
5.018508422364991617e+00
5.303295900760222281e+00
5.561592617357887569e+00
5.840115344552204490e+00
6.122153109263851256e+00
6.436163143907390527e+00
6.715993097807857914e+00
7.039026023334424842e+00
7.330776211523082786e+00
4.390264959095002695e+00
4.635480677205761957e+00
4.906884805236785496e+00
5.122181424751949486e+00
5.379629983484456091e+00
5.642312037555553772e+00
5.923044288923911438e+00
6.188566088205069704e+00
6.457607344121162107e+00
6.741178769850803221e+00
4.069734556886654531e+00
4.303675098020042000e+00
4.525259450354803370e+00
4.771449877502507597e+00
4.991223022050947478e+00
5.253608858259147141e+00
5.494611972741076045e+00
5.747834214430909583e+00
6.039877346250822399e+00
6.261458617762651002e+00
3.811617937575891624e+00
4.022205372947226465e+00
4.242935742286584322e+00
4.498177223869897823e+00
4.720532377930046763e+00
4.911148766021840473e+00
5.169071827871622560e+00
5.404598328631362136e+00
5.634510952230741943e+00
5.869061656445319741e+00
3.597874894715678451e+00
3.810744667745040726e+00
4.001727804169627589e+00
4.212144419735208700e+00
4.444236604718961203e+00
4.640103095847332604e+00
4.867988426035276817e+00
5.079143829142966027e+00
5.322782544220292067e+00
5.533313541439047967e+00
3.429986755301608792e+00
3.609274928392725901e+00
3.805375388852700880e+00
3.998353564803950544e+00
4.204130023275481243e+00
4.404311809932353938e+00
4.615493049463245789e+00
4.845772148486458875e+00
5.020671203931291515e+00
5.253373928880437305e+00
3.246714965390799179e+00
3.435598897349103176e+00
3.615127600957508847e+00
3.822735704743204010e+00
4.004855561168248812e+00
4.209214012988835130e+00
4.406293885214683570e+00
4.612812442812223246e+00
4.798242573176541903e+00
5.031485967652054470e+00
3.111352631935061286e+00
3.283660815764915863e+00
3.486243850359509899e+00
3.636351485562268948e+00
3.826233514477090925e+00
4.030284602942074024e+00
4.204871984578788968e+00
4.425666568402163215e+00
4.582144912272752890e+00
4.780253159732856361e+00
2.987567640210738507e+00
3.842604693359045864e+00
3.316362907430905338e+00
3.493093401659432384e+00
3.680076393582949024e+00
3.859481593803938182e+00
4.019124724971429252e+00
4.214825760648719388e+00
4.403619423832019208e+00
4.610927465342725462e+00
2.872411413526733792e+00
3.043608358981618967e+00
3.199701440815914566e+00
3.373166194246025817e+00
3.532332340628870693e+00
3.708863938899197077e+00
3.891992116585458739e+00
4.058895054841731742e+00
4.240051345262281224e+00
4.423983965570851495e+00
2.773881639342332672e+00
2.929468187911250521e+00
3.091874409411051516e+00
3.248486989939825431e+00
3.410665318248435440e+00
3.581841693155479511e+00
3.749769401460879781e+00
3.937303931815987923e+00
4.090074943643728034e+00
4.275676059044992705e+00
2.681056434398643606e+00
2.823416879488600983e+00
2.988646480548786233e+00
3.145821909970216268e+00
3.305546688989469573e+00
3.460152233419205636e+00
3.617575904764804395e+00
3.795209249697377274e+00
3.958213896595224490e+00
4.124609822647212098e+00
2.598914306290795562e+00
2.738857294902897976e+00
2.897323703470094713e+00
3.038782217644678596e+00
3.192389209872014355e+00
3.347297806318051183e+00
3.521590672366107011e+00
3.670983025932480714e+00
3.833614510143799059e+00
3.990368121239348920e+00
