1.448028151950071241e+01
1.453042203436125135e+01
1.525366060825013470e+01
1.538316661645635897e+01
1.595246579253409358e+01
1.632341715436550089e+01
1.717734181476567557e+01
1.812733343057865909e+01
1.783750238940149657e+01
1.853442237275630688e+01
1.171516676796882095e+01
1.167555182101047784e+01
1.231978904698757304e+01
1.227714664364913943e+01
1.279605009451680253e+01
1.322315785305019986e+01
1.352366362844709613e+01
1.367690114550248737e+01
1.421640500215800529e+01
1.403733941058463053e+01
1.064197724086690755e+01
1.087668517834768522e+01
1.115057174572435095e+01
1.141106217620783347e+01
1.163123089520138365e+01
1.186493031059951697e+01
1.217115946369867707e+01
1.237319284291312194e+01
1.298038466561638060e+01
1.309431897705260539e+01
1.007750126435658267e+01
1.029758015542529925e+01
1.045054464911346415e+01
1.079543465921529943e+01
1.103428949865791076e+01
1.137233157159718822e+01
1.152100675078921377e+01
1.167731568255411467e+01
1.199253935905004553e+01
1.209772919993341844e+01
9.433693966235003003e+00
9.667152972020822688e+00
1.000095143302061018e+01
1.017986628045541586e+01
1.039648798765763082e+01
1.059960732187307642e+01
1.071031578202418721e+01
1.117015164710729280e+01
1.137146657764331259e+01
1.152185184638208248e+01
8.959079687147916360e+00
9.226209728919938513e+00
9.368873977697329991e+00
9.585839981828602419e+00
9.998421432410490084e+00
1.014893800577729799e+01
1.037758348238641126e+01
1.060467794484039672e+01
1.087972526985946331e+01
1.106777349194046955e+01
8.522919161140528388e+00
8.791324328984083891e+00
9.065648803330057959e+00
9.224968538696055376e+00
9.528258329112755831e+00
9.640594854379981982e+00
9.876073492782433405e+00
1.005983527774164799e+01
1.023992129830643449e+01
1.049510098826042004e+01
8.239737535690617065e+00
8.453329399996963645e+00
8.702040887746990805e+00
8.855731418690858447e+00
9.040974150037069279e+00
9.279708578051792500e+00
9.389661592480193164e+00
9.723126516392008867e+00
9.900437669925873152e+00
1.009239856564258808e+01
7.953057489530536373e+00
8.091034600159764167e+00
8.326023118209787910e+00
8.502059368002120365e+00
8.679310988510941627e+00
8.881882248505657884e+00
9.100326469516716088e+00
9.261301889247157249e+00
9.427700758615712218e+00
9.802129769202556631e+00
7.682884223817604941e+00
7.838745446822905194e+00
8.049145539135453831e+00
8.240808343213672060e+00
8.397445440505572734e+00
8.583864263240185366e+00
8.760507227504518823e+00
9.003396684208919254e+00
9.106447689803953693e+00
9.372743241104913636e+00
7.373558748799488249e+00
7.606783082319456213e+00
7.800439017647871509e+00
7.963933434486864194e+00
8.146911688648650340e+00
8.322587020324331064e+00
8.541633166249114950e+00
8.609886426030282536e+00
8.844120675515984686e+00
9.026505701567826279e+00
7.181142747671578341e+00
7.350360736648725357e+00
7.518271033702641049e+00
7.663485021716962997e+00
7.867636062437493472e+00
8.057029632670042574e+00
8.238767068173451946e+00
8.401618915050061531e+00
8.580044239601976486e+00
8.750594922694103772e+00
6.919515055486376909e+00
7.159146294606608230e+00
7.264262097694080822e+00
7.514306995457982197e+00
7.679369086005173095e+00
7.860665889442874921e+00
7.997089085931102126e+00
8.178986097013677181e+00
8.370110889865735260e+00
8.533152585078010333e+00
6.762673148623772335e+00
6.947189321971030118e+00
7.140280848399697788e+00
7.308111514005180886e+00
7.468777728018687334e+00
7.634908213427352486e+00
7.768376596793970634e+00
7.926717011825131998e+00
8.151897732051244461e+00
8.291166884640418289e+00
6.594274272153391792e+00
6.766497293013734371e+00
6.964296340673830521e+00
7.109801055328883734e+00
7.248216461146865797e+00
7.427745766397610083e+00
7.577108356143413381e+00
7.783375669989301748e+00
7.947532845547724989e+00
8.081489701581997309e+00
6.466093714483864829e+00
6.597098491727069636e+00
6.751315904324914463e+00
6.888522701786857105e+00
7.098125957951667786e+00
7.206498893621535728e+00
7.385951738033815772e+00
7.578499737974420114e+00
7.754564200173720501e+00
7.916693459973346059e+00
6.337979744167363094e+00
6.493326159038525169e+00
6.623082575077789969e+00
6.818415493245402637e+00
6.916361976121547350e+00
7.122120858339127558e+00
7.279299618852825837e+00
7.400417030509584215e+00
7.582477651690274989e+00
7.711431263877521758e+00
6.198727188565650081e+00
6.273149113872976912e+00
6.480630823598655610e+00
6.635905555091639485e+00
6.760093061978826867e+00
6.936910286726119423e+00
7.095413110327245754e+00
7.238837416429396932e+00
7.382068910660059657e+00
7.545838419507773231e+00
6.046596505832499524e+00
6.203900485422274791e+00
6.369059755381520027e+00
6.507165785396367141e+00
6.645782004163954149e+00
6.788104790764013075e+00
6.965456407101931369e+00
7.084420603953800466e+00
7.265517087366510474e+00
7.377913125628444035e+00
5.953165496744083462e+00
6.096103779049454552e+00
6.221680607716169931e+00
6.340601896903657497e+00
6.509520018089013149e+00
6.634499637173010278e+00
6.796580529958182737e+00
6.955499978816470197e+00
7.089754745577098838e+00
7.276073189437616051e+00
