6.687712242014882680e-01
7.372959240778977907e-01
8.734526721726139087e-01
1.013934430518044438e+00
1.137843643833315932e+00
1.304129341057373326e+00
1.433735423341734316e+00
1.568957614096223585e+00
1.715322273884450688e+00
1.782937037526206137e+00
6.117921701982205196e-01
7.238592830610545148e-01
8.471246829196283912e-01
9.449614191933497498e-01
1.064656956801363075e+00
1.186959147894992572e+00
1.354893935007555728e+00
1.460950849331351886e+00
1.602888859416981671e+00
1.761915910189581602e+00
5.796612965902757653e-01
6.641985091281985554e-01
7.761033102338404932e-01
8.864174016320568450e-01
9.984166222349020181e-01
1.129677478131484003e+00
1.227330241416554557e+00
1.366443365311922564e+00
1.501870465697399126e+00
1.624316945026452963e+00
5.442382742625426761e-01
6.254923934523100026e-01
7.312970467969946986e-01
8.378723394399302249e-01
9.422951463265164529e-01
1.043782935555102709e+00
1.151831517679570815e+00
1.290388890988303894e+00
1.426048821996717786e+00
1.544418140979652465e+00
5.113057551088492358e-01
6.016490622612447048e-01
6.887093865309081853e-01
7.901747452879780420e-01
8.895535210612133259e-01
9.960195627786636585e-01
1.106879635291834862e+00
1.218234287308140873e+00
1.316235730399762716e+00
1.448246026151826849e+00
4.889433706406873248e-01
5.697857894884873486e-01
6.556341375472356514e-01
7.481853527557088546e-01
8.525100683232720300e-01
9.392054682855489611e-01
1.047509534611223758e+00
1.147837382916535587e+00
1.263874312209167350e+00
1.374210141095650650e+00
4.670882082050799022e-01
5.458424942406276958e-01
6.287754587304139609e-01
7.140928907640725631e-01
8.055954521623239772e-01
8.955843155770748520e-01
9.931108394713928922e-01
1.093396758718974571e+00
1.197367579403685101e+00
1.322828497002188852e+00
4.510806679250630169e-01
5.211540851277198794e-01
5.997079084277334715e-01
6.849938701775356575e-01
7.793740977322255459e-01
8.579557841693798981e-01
9.588817587535330977e-01
1.056851460802641807e+00
1.149928597661250551e+00
1.266395496051105907e+00
4.272107437517264072e-01
5.006269977998166754e-01
1.118780182888039931e+00
6.615337578006833530e-01
7.441769802065301143e-01
8.350341803009901920e-01
9.184407406348655822e-01
1.018445666433104080e+00
1.112357208512724460e+00
1.211076422386192952e+00
4.122960821053121006e-01
4.879662734697955417e-01
5.545161738238216786e-01
6.347779161573172679e-01
7.140555405942975442e-01
7.966101205596670676e-01
8.867938934050363375e-01
9.778989872966110664e-01
1.075488132767346894e+00
1.159709015186701997e+00
4.008637218496924892e-01
4.686214423842584575e-01
5.373888125886736589e-01
6.129948629487681488e-01
6.964812716725548025e-01
7.734521516270074226e-01
8.605898452169219448e-01
9.407618679885014767e-01
1.041467914796718075e+00
1.129942964953145168e+00
3.872215757099223832e-01
4.561848659168675213e-01
5.242214339050059735e-01
5.931943429752503105e-01
6.757422453558361575e-01
7.524877380964873907e-01
8.352259935026520310e-01
9.260725141801315896e-01
1.005249928433647799e+00
1.094081189116838937e+00
3.763018378685594190e-01
4.412704573950181342e-01
5.090672234871440605e-01
5.789692613196948390e-01
6.516850130460986046e-01
7.305815358285507877e-01
8.074982694041006326e-01
8.914091962643202471e-01
9.752738111143574029e-01
1.062105640571418652e+00
3.681054419593334792e-01
4.285318970393144911e-01
4.965405072436560596e-01
5.647458869068441301e-01
6.374769000573518030e-01
7.143016843477293376e-01
7.915761597069852495e-01
8.651534346260600916e-01
9.545161294863530044e-01
1.038545844898185910e+00
3.554542046951434942e-01
4.176626843439123493e-01
4.797483676079912218e-01
5.521366141097604485e-01
6.201272934685300164e-01
6.912338880098961580e-01
7.714955634628093417e-01
8.458609507665018068e-01
9.326077588142523966e-01
1.013731524848702659e+00
3.503240635016474647e-01
4.085864830678345716e-01
4.722562851055810418e-01
5.361412620616911040e-01
6.062712081070495973e-01
6.768101685463164818e-01
7.491410643864382379e-01
8.246287346952665409e-01
9.107920228883874536e-01
9.882730744200898254e-01
3.424459112767483937e-01
3.987897584339125667e-01
4.623751335531907647e-01
5.210932009349639182e-01
5.928469462348754382e-01
6.631770187677143991e-01
7.326725415063763958e-01
8.096503519350145561e-01
8.878944335774670016e-01
9.642026152548676121e-01
3.334633945873901051e-01
3.898933240002188660e-01
4.494069777378977282e-01
5.105678027704685373e-01
5.810204542916678205e-01
6.459767752043126254e-01
7.192089912701794541e-01
7.935732162486734964e-01
4.502698788228083893e-01
9.409296170259175973e-01
3.276021612476006095e-01
3.821752937632487135e-01
4.391564196245303919e-01
5.030117917250518378e-01
5.658110188055178735e-01
6.335897335828941657e-01
7.021661098903212439e-01
7.708843894389564300e-01
8.524609621659101633e-01
9.253872343148928925e-01
3.210979738583161214e-01
3.766557739241753744e-01
4.335161412515134427e-01
4.925905944253777258e-01
5.548899086099293720e-01
6.235004402332269269e-01
6.866785351119238934e-01
7.601560698142227901e-01
8.303994236104602633e-01
9.083935077472393704e-01
