6.284201141482738118e-01
6.419124230307865497e-01
6.584139303831503254e-01
6.693301049486358734e-01
6.834621608651263447e-01
6.948647849810177801e-01
7.083864548539297035e-01
7.231135223168168036e-01
7.319616232398602484e-01
7.424036278063619321e-01
4.458628366836668300e-01
4.562547154387366910e-01
4.679144616738606377e-01
4.777269320934331986e-01
4.903275343441060863e-01
4.995714670480047581e-01
5.121663164137871815e-01
5.223747111218614014e-01
5.338826460424752618e-01
5.443657557070140651e-01
3.555127756382531201e-01
3.635075330500177615e-01
3.713757061084567712e-01
3.807896877056689555e-01
3.893981207980091175e-01
3.977527797886897809e-01
4.071113624802438768e-01
4.163595552296773250e-01
4.247996659600694613e-01
4.337927698574766122e-01
3.023735504116655259e-01
3.095784162139133544e-01
3.166059975620726941e-01
3.241287784544816808e-01
3.314340387152839296e-01
3.391019225327036590e-01
3.465274929839559648e-01
3.547347078681096777e-01
3.614866578972980582e-01
3.706972934620054172e-01
2.676356127814394359e-01
2.737015681816537538e-01
2.810368693034426268e-01
2.874087918253454554e-01
2.934745677248143392e-01
3.002628092798574899e-01
3.064997783161360623e-01
3.137437906150018496e-01
3.202393444059984384e-01
3.269725910606837704e-01
2.423641761204526901e-01
2.482932608020943233e-01
2.539436251117855869e-01
2.601891995545209113e-01
2.665405633802517826e-01
2.726706075045829958e-01
2.784919493265841095e-01
2.846565178620822367e-01
2.905037957994150433e-01
2.962025629048513631e-01
2.238338951685071021e-01
2.290886130365288875e-01
2.344847920837748456e-01
2.399384930163306340e-01
2.457064126331724996e-01
2.510441549354509583e-01
2.566743990043516832e-01
2.621721852360574534e-01
2.677371081130731079e-01
2.734939569206145116e-01
2.084759463274633295e-01
2.136724888273573431e-01
2.186912019274692420e-01
2.238436016843980414e-01
2.287899068089794541e-01
2.338426414201913439e-01
2.391540811814407141e-01
2.444543878632030598e-01
2.496616294495186406e-01
2.549837849412937008e-01
1.958537672098463189e-01
2.007724426917047167e-01
2.054660635522872481e-01
2.102117325116858448e-01
2.151960099787752212e-01
2.199316468101543687e-01
2.250458331623524100e-01
2.298336539578969551e-01
2.347021943418541312e-01
2.398124056915409974e-01
1.857684672380774116e-01
1.902515152622189787e-01
1.946502509661811875e-01
1.989109792500652618e-01
2.035157218519988431e-01
2.080980258283465223e-01
2.126834608847255892e-01
2.173917501319032330e-01
2.219534380822122954e-01
2.269279286815696905e-01
1.765982997829379508e-01
1.807948573905118761e-01
1.851090832985133050e-01
1.894779643673055181e-01
1.938114484322898956e-01
1.981595628829309064e-01
2.027039781597839707e-01
2.069418136575025546e-01
2.114594251354338650e-01
2.160232684487910504e-01
1.689512907987515689e-01
1.730441506068751134e-01
1.769277406792328089e-01
1.810521584154841102e-01
1.852332332449726782e-01
1.893960080524912382e-01
1.934962955412787566e-01
1.979845056710478612e-01
2.020898056668677945e-01
2.063700424722496318e-01
1.618173762068522148e-01
1.660766548853038205e-01
1.699178718406041677e-01
1.735754832831247763e-01
1.778073780720295094e-01
1.818434039929782420e-01
1.858843236914260733e-01
1.897895647890832371e-01
1.939224713518784560e-01
1.980439828925840695e-01
1.559388752250076005e-01
1.597543544388640990e-01
1.633956090269754191e-01
1.674647279463130356e-01
1.710326685643474842e-01
1.750501969601009900e-01
1.788289078251417141e-01
1.827074660999651878e-01
1.867382800935650233e-01
1.907954358363767033e-01
1.505753323600467208e-01
1.542196139770370955e-01
1.577248102938827723e-01
1.615379164134581047e-01
1.652140884951608379e-01
1.688954514691504705e-01
1.727555300445503539e-01
1.765043155874417846e-01
1.804043239350822669e-01
1.840843118808666301e-01
1.456108815745305041e-01
1.490488918257724116e-01
1.527084582695856507e-01
1.560505274473802939e-01
1.598190755578513533e-01
1.634049149517371458e-01
1.669752786880223105e-01
1.707334288507538766e-01
1.743478630755291026e-01
1.781177935806218249e-01
1.412131529021637966e-01
1.446819792220982170e-01
1.480260397958400864e-01
1.514384781465561991e-01
1.550421251455462723e-01
1.585222333233501368e-01
1.618130767304575557e-01
1.654957120997045394e-01
1.690376975943448101e-01
1.726047326918078439e-01
1.371634200022806560e-01
1.404746209920635092e-01
1.437613629378637070e-01
1.470416059633922190e-01
1.504104097519616823e-01
1.538548409421332253e-01
1.573003153063419202e-01
1.605814125416792082e-01
1.642680370833184966e-01
1.676648275559225187e-01
1.334090599011716061e-01
1.366420608741233667e-01
1.398084349572923379e-01
1.430989639544885672e-01
1.462506078324196379e-01
1.496175472280063812e-01
1.530107248915147933e-01
1.563065292782108984e-01
1.597102509423221628e-01
1.630901272598175300e-01
1.299089298314308749e-01
1.331589535927817924e-01
1.363280950050720364e-01
1.393780142757521101e-01
1.426352208922204989e-01
1.458635126636984303e-01
1.490093051417863412e-01
1.522842305580916766e-01
1.554195939218097067e-01
1.589362550338022650e-01
