1.927178059453663050e-01
2.031636756523852727e-01
2.134702722236944683e-01
2.238386764079350610e-01
2.367497142483875050e-01
2.474894698507524304e-01
2.595272729223065400e-01
2.706892554107138693e-01
2.807477434497558932e-01
2.949860112686707447e-01
1.249198860072124467e-01
1.315594751502503768e-01
1.397072386876486993e-01
1.465587722587141928e-01
1.540495168237511758e-01
1.613507716355720434e-01
1.688362530328347821e-01
1.771377369921691702e-01
1.845642817188186680e-01
1.923228597206993740e-01
9.919004462529885935e-02
1.045179855120668966e-01
1.102701303376074637e-01
1.159735970955760309e-01
1.217539121449241341e-01
1.280478828988111106e-01
1.336743288659139606e-01
1.400591165782276715e-01
1.460378887527615521e-01
1.527177082130860009e-01
8.427238744889954669e-02
8.908025274606751198e-02
9.403519036692345456e-02
9.903929133828663633e-02
1.037887220088596629e-01
1.091689409003721023e-01
1.139037071653427047e-01
1.195263192194007396e-01
1.247144052039239753e-01
1.302064209286508123e-01
7.498596511926941544e-02
7.915144291125217335e-02
8.334649583941478035e-02
8.769562271145647792e-02
9.198415579277499643e-02
9.669865654108605879e-02
1.012904396406680285e-01
1.057405149993656535e-01
1.106466345903285575e-01
1.154550425538127117e-01
6.781384882420238291e-02
7.182349898461554139e-02
7.563600342161953816e-02
7.948350302192405681e-02
8.360372507065749748e-02
8.774362778804452312e-02
9.190661019916171459e-02
9.608135025656025507e-02
1.000736173371599008e-01
1.045541564765518627e-01
6.271023677827952669e-02
6.609020172398649695e-02
6.970061724782310175e-02
7.334027057038185193e-02
7.716491330627325840e-02
8.088393871895509235e-02
8.465622049921101011e-02
8.852125882626629694e-02
9.252546389427204754e-02
9.639477175501662276e-02
5.834333630770335150e-02
6.171227161554722340e-02
6.502147236866388791e-02
6.839887645987702269e-02
7.182603910770601896e-02
7.532803345328725753e-02
7.881121516443573283e-02
8.246838666658724837e-02
8.633609431154321001e-02
8.982547858934278318e-02
5.489018368590023456e-02
5.804800866241674462e-02
6.115680984646448826e-02
6.431432064755318589e-02
6.749424303254047963e-02
7.083760655175733167e-02
7.425501946652754426e-02
7.766786945558282196e-02
8.113812329772439325e-02
8.457751845245048417e-02
5.202989106435210870e-02
5.488184090509262703e-02
5.787628960456621396e-02
6.094197767366162782e-02
6.395410644924882926e-02
6.712722455656326692e-02
7.021980505792761729e-02
7.347669817659432945e-02
7.683378173654023535e-02
8.002068712208337820e-02
4.949188693924627680e-02
5.229527519170098365e-02
5.508601136330688874e-02
5.795747321804765179e-02
6.090389241438811524e-02
6.388910918336639100e-02
6.683379683008157379e-02
7.000112465013083596e-02
7.307734528574416633e-02
7.616387260995378938e-02
4.730737664412383581e-02
4.994787536660434679e-02
5.267175763123947696e-02
5.546928176879855482e-02
5.818926934418230251e-02
6.105828263484704838e-02
6.398774732900705531e-02
6.680333077357732130e-02
6.988262695861305329e-02
7.291761618364414610e-02
4.543226588681049255e-02
4.801441318716054979e-02
5.058213604306252553e-02
5.316007167187031257e-02
5.585183729905552480e-02
5.854807887402305872e-02
6.137903529463638319e-02
6.416952159461367100e-02
6.701104618394439216e-02
6.990099595258220111e-02
4.370185366130892313e-02
4.618458350051526246e-02
4.865187641111533984e-02
5.123804747251910208e-02
5.381829999086717997e-02
5.642779379636827380e-02
5.902971506133878471e-02
6.183699020422256387e-02
6.455759498225276116e-02
6.740365185120127112e-02
4.219147773586855166e-02
4.455694267692901500e-02
4.699280027480721988e-02
4.937287073075154881e-02
5.192458951676816314e-02
5.446358140195177444e-02
5.705379452998476930e-02
5.966958829742415038e-02
6.224945102323143492e-02
6.496426209085690018e-02
4.087937433668582116e-02
5.268052447880213623e-02
4.542990063509171061e-02
4.778702907033167274e-02
5.023097243082440960e-02
5.270774633085868049e-02
5.515840155219316893e-02
5.766008834785282117e-02
6.028771036457990229e-02
6.292070466067531398e-02
3.962206078008052856e-02
4.186300797114256289e-02
4.409584551021938914e-02
4.637082670655930106e-02
4.872760942539977602e-02
5.108641896779440861e-02
5.350252074389566515e-02
5.599934018925468993e-02
5.845960583442878777e-02
6.098333167159953466e-02
3.846375635307437008e-02
4.064065696639456576e-02
4.285198708339305051e-02
4.505392366521139558e-02
4.734714566999680130e-02
4.961403303757891403e-02
5.193968220463145158e-02
5.437534539877422052e-02
5.679180365910372480e-02
5.920877475433241471e-02
3.740879929491720823e-02
3.948210456465164886e-02
4.163382257945597714e-02
4.379666161254876233e-02
4.601167289234481955e-02
4.823659570732177770e-02
5.054758230110963091e-02
5.284989057101080467e-02
5.518538329521376767e-02
5.762672101776389333e-02
3.644254248046589068e-02
3.849897737898137773e-02
4.059938517085884269e-02
4.268698549418959570e-02
4.486631110367111236e-02
4.702371423183261678e-02
4.925016434648345209e-02
5.150584040584345324e-02
5.378130722581069695e-02
5.611748480703307451e-02
