5.199787942337945612e-01
5.274523934970878347e-01
5.445797744964606668e-01
5.539368143537466427e-01
5.699634688921554337e-01
5.824427594176589951e-01
5.928436955775822081e-01
6.060566145554718842e-01
6.173296368771034048e-01
6.321973651700387720e-01
3.554833133568562342e-01
3.646613274382039527e-01
3.750530304162455475e-01
3.848316642488979200e-01
3.947597494672755447e-01
4.046048790208687240e-01
4.158204582291608054e-01
4.249253809588933173e-01
4.357540332205146472e-01
4.457111448225246075e-01
2.802717932652564192e-01
2.885787954670679945e-01
2.964370756548105890e-01
3.047941914381648298e-01
3.126431342405096014e-01
3.209787751059555161e-01
3.299498892061401567e-01
3.374471108827558630e-01
3.460886683393801788e-01
3.542692738586220580e-01
2.387933333744667874e-01
2.462139079544373721e-01
2.530155030037116726e-01
2.595729067242716903e-01
2.667860937837345792e-01
2.739893477714533954e-01
2.809014291929671781e-01
2.878233324853759489e-01
2.947484081350698060e-01
3.023598652258113750e-01
2.124791727443623990e-01
2.179348669268769412e-01
2.240225535522937794e-01
2.303437962463671385e-01
2.363067976041489937e-01
2.424143558843655233e-01
2.485279865534176236e-01
2.547617378274737998e-01
2.612619747078949173e-01
2.678749000661710400e-01
1.925323942583561099e-01
1.978650830294433893e-01
2.032139845803686284e-01
2.085686727609422919e-01
2.145233252316262051e-01
2.197174151288649735e-01
2.255953957501177221e-01
2.314032520280520089e-01
2.371970722740412429e-01
2.428790779862526061e-01
1.773463853880388186e-01
1.823019163247859287e-01
1.871207320354300596e-01
1.925611778249138040e-01
1.975893089932316271e-01
2.026187994293198458e-01
2.076256130965095648e-01
2.131902708362151677e-01
2.181146085619258268e-01
2.236250044113886060e-01
1.652180818155593589e-01
1.696954666867094286e-01
1.746019119628469951e-01
1.793726048812866181e-01
1.841265795186488030e-01
1.892046536668081924e-01
1.933406155223230116e-01
1.985473143766280646e-01
2.038141780259594416e-01
2.085652861650156842e-01
1.555125939648880073e-01
1.598839384296656674e-01
1.642724698457219690e-01
1.684147874274066758e-01
1.732741834187362662e-01
1.775921440655729433e-01
1.821648146245828381e-01
1.867738168020750544e-01
1.913335233818369840e-01
1.958841731909649608e-01
1.470241487914579204e-01
1.513916340223269708e-01
1.553956775983504901e-01
1.596981953017329314e-01
1.638823083846512596e-01
1.680952046832551727e-01
1.724036889833271691e-01
1.767947895280617965e-01
1.812180541089354058e-01
1.857510829534627650e-01
1.400108477273397933e-01
1.441398355122758823e-01
1.479256649026530201e-01
1.519496592747433539e-01
1.559526410686180031e-01
1.600131686141721687e-01
1.641678749490895761e-01
1.682945910891026076e-01
1.723032309210301982e-01
1.765680378540916140e-01
1.338766697581273979e-01
1.375758525369057683e-01
1.414000343182349462e-01
1.451930681956082325e-01
1.491680511238692997e-01
1.530813267100875896e-01
1.570348795464922287e-01
1.609151901296513865e-01
1.649560311992069594e-01
1.688419468866888817e-01
1.284752200051680060e-01
1.322980831413126390e-01
1.357809405909517764e-01
1.394054102949557339e-01
1.429977388430085650e-01
1.469356932578970154e-01
1.507075494640972568e-01
1.544392082627589480e-01
1.581453024760817172e-01
1.622009355804848729e-01
1.238183740361215035e-01
1.271424029473596229e-01
1.307849325033624832e-01
1.343007533293426314e-01
1.379025438658034730e-01
1.412702754866638766e-01
1.450240565013634630e-01
1.485860045435025978e-01
1.523040647076929766e-01
1.560851780890957219e-01
1.193771664721788722e-01
1.226972353697187018e-01
1.261124806001940879e-01
1.297111692517763926e-01
1.330009646727261519e-01
1.364455368811474112e-01
1.399112457755738448e-01
1.435259518288234670e-01
1.471153540112394020e-01
1.505783765341218716e-01
1.155757482169229855e-01
1.188825436106840105e-01
1.221058020002384337e-01
1.252961063755682336e-01
1.287587375878771478e-01
1.321142327371016556e-01
1.352944693774655038e-01
1.387218744899941514e-01
1.421967424527115775e-01
1.457833188689330872e-01
1.120197273234446317e-01
1.151643877478649020e-01
1.184103893825900478e-01
1.215166768894228311e-01
1.246958325407206691e-01
1.280522158287235313e-01
1.313239836603297128e-01
1.378656716090416179e-01
1.378922460987365151e-01
1.413258905502048912e-01
1.088847202013276949e-01
1.118411707396936711e-01
1.149541782929370259e-01
1.181296804417462515e-01
1.211922841699084735e-01
1.242789974999259639e-01
1.274972616143019710e-01
1.306573405976113600e-01
1.339198645502180374e-01
1.370575857781909379e-01
1.057722387071384634e-01
1.088225416824426944e-01
1.116953062129211471e-01
1.148310089138585705e-01
1.179370162107495346e-01
1.209282222648062483e-01
1.241416394424187386e-01
1.272017949997547581e-01
1.302531061756428965e-01
1.333686031097527092e-01
1.031613301046113845e-01
1.060300175103126574e-01
1.088860386929661750e-01
1.117937917784857377e-01
1.147605220798395415e-01
1.177761511426007046e-01
1.207240837328932420e-01
1.237472205496110977e-01
1.268912100847291446e-01
1.299727901195021629e-01
