5.525714286845840206e+00
5.718283710139615117e+00
6.095785346640973934e+00
6.246368843135242876e+00
6.501738953112876196e+00
6.856645308296098307e+00
6.942344871062854139e+00
7.421352492587534044e+00
7.583103090864812934e+00
7.930597337837543392e+00
4.944823551207914392e+00
5.092162555008203029e+00
5.309441864930770194e+00
5.586624860696333350e+00
5.850142820559012691e+00
5.891043836625801333e+00
6.193479956969794920e+00
6.588209761889803673e+00
6.674963013229312736e+00
7.103383783521432626e+00
4.605356651015873659e+00
4.781237501478480922e+00
5.020319559500658890e+00
5.192023024664554676e+00
5.382205387161491217e+00
5.652589751288082276e+00
5.830791208182988683e+00
5.968746047040641933e+00
6.197351118944689041e+00
6.502334288827353426e+00
4.410162145534744838e+00
4.493605367110733440e+00
4.717634652953819341e+00
4.898555839264354894e+00
5.154871400510895540e+00
5.290580489412347376e+00
5.538255938864492300e+00
5.631010279352116399e+00
5.853777229997941589e+00
6.073075656716085291e+00
4.127706852909785340e+00
4.289577884707824751e+00
4.438498668784998991e+00
4.621748556929854423e+00
4.814319722069457796e+00
4.964754069553755755e+00
5.102257453858276115e+00
5.318063810432462013e+00
5.492674273202139190e+00
5.662610084611650940e+00
3.864686953437984407e+00
4.099194143065886031e+00
4.217060413956864373e+00
4.371508699011942056e+00
4.593377217170035998e+00
4.720374708590208357e+00
4.923594050740319972e+00
5.044572742856213488e+00
5.242986490692777224e+00
5.413023057117325898e+00
3.707981957136484041e+00
3.869520110998347473e+00
3.989259492490813575e+00
4.193761381203599647e+00
4.341951285909410707e+00
4.522797377016980924e+00
4.672604763497246516e+00
4.843348631315847364e+00
5.031421580911269231e+00
5.187810284357604829e+00
3.540693269921305397e+00
3.699078211776639868e+00
3.843688100395152407e+00
4.039992355754240982e+00
4.192570519374914539e+00
4.346223110610019091e+00
4.491501509887165788e+00
4.629863058229795492e+00
4.843475339847112870e+00
4.965774724942321861e+00
3.422896011489025447e+00
3.570296508682218040e+00
3.704450759020623263e+00
3.863614374369776616e+00
3.986912004530839493e+00
4.174537991735723708e+00
4.310958569069404334e+00
4.475093678754176629e+00
4.657986577085843294e+00
4.823450433941181892e+00
3.306399447887636622e+00
3.455800030559421643e+00
3.593826658560101528e+00
3.732114153154887148e+00
3.885229416121908752e+00
3.996851011108350615e+00
4.166057376217320751e+00
4.320924957629128649e+00
4.480500557070398848e+00
4.619761039319673301e+00
3.204561953451783740e+00
3.322890763352496890e+00
3.464508337688503747e+00
3.622414308458640431e+00
3.753032169155011477e+00
3.896243550542675571e+00
4.059655954929993982e+00
4.158082407790186785e+00
4.295918240877919736e+00
4.437908569545331972e+00
3.115292661937446361e+00
3.217341936030116312e+00
4.016441555540663622e+00
3.487807110854222792e+00
3.636233844311888230e+00
3.751541179525243130e+00
3.916831774482078199e+00
4.055923766631513772e+00
4.219383455318046039e+00
4.356161989702352244e+00
3.019556569414597824e+00
3.137765764617471032e+00
3.272556239831238667e+00
3.402563329709507478e+00
3.549074600644551936e+00
3.663957738738724323e+00
3.791177246555884395e+00
3.911040848748685406e+00
4.050246050939601439e+00
4.237782058314617295e+00
2.935589692471026524e+00
3.059277997412515049e+00
3.189887792118832444e+00
3.308826306956839325e+00
3.421019184859096285e+00
3.543296870625404438e+00
3.695534409442981616e+00
3.825176745213881180e+00
3.958966851933093611e+00
4.101843648120941488e+00
2.860431718961077951e+00
2.978505648660130234e+00
3.102476873968755822e+00
3.224368219099574162e+00
3.342164356031331884e+00
3.474158634091411901e+00
3.616033228868194449e+00
3.718491267774959308e+00
3.857996310365484849e+00
4.006546009438041622e+00
2.781469602263241470e+00
2.919120539030609862e+00
3.030516946252727717e+00
3.151471820085296915e+00
3.270804788919403627e+00
3.387884985586079978e+00
3.539914349794169190e+00
3.637901657174384518e+00
3.761616413120618230e+00
3.911534613357635415e+00
2.723817556006788543e+00
2.849660876830056644e+00
2.959478436549527025e+00
3.062927237519878165e+00
3.206794406229665384e+00
3.291643757334981935e+00
3.441687008475995846e+00
3.570339520987688697e+00
3.676490433755315923e+00
3.831316701668999070e+00
2.676126641072742451e+00
2.788183589967420772e+00
2.875742231951972538e+00
3.010243269845740866e+00
3.132090195878736605e+00
3.229997230762886584e+00
3.370408742237418487e+00
3.498789927293384672e+00
3.607605748806655743e+00
3.748053789818443615e+00
2.608058729752682936e+00
2.725993338737839444e+00
2.846037636515813318e+00
2.950120174424982533e+00
3.062022122849294981e+00
3.167006581172209678e+00
3.292672742177929379e+00
3.427335822265227261e+00
3.533054369524449623e+00
3.648853262182452539e+00
2.560548856308066501e+00
2.670775988199630469e+00
2.788157226325558291e+00
2.889787044205605948e+00
2.998950173063393621e+00
3.106693307319480901e+00
3.245860439627817673e+00
3.355166474198270077e+00
3.467442399615372040e+00
3.576850394618382278e+00
