7.839393829531823066e+00
9.111443536801198562e+00
1.066587115027519417e+01
1.211029259282171466e+01
1.350851769049662998e+01
1.488487562550757559e+01
1.693441531802825395e+01
1.831708666626884607e+01
2.014111899998013655e+01
2.183600430926080804e+01
3.068331647716339816e+00
3.595351045483010211e+00
4.161580762238189735e+00
4.735142971448123461e+00
5.320121337080026436e+00
5.987668134251307173e+00
6.666798122612537014e+00
7.294149751467345233e+00
8.003822144712792408e+00
8.739185192513067690e+00
2.014086807458008277e+00
2.355953370371282496e+00
2.717466423110304952e+00
3.105958361194820050e+00
3.508899889958095208e+00
3.912225529107249855e+00
4.340428386482110490e+00
4.757973009079023541e+00
5.230746187467708808e+00
5.696357434104662332e+00
1.563982581980668751e+00
1.816579559594742044e+00
2.107862940656182626e+00
2.404087463373278499e+00
2.707821613326871102e+00
3.015540152196169998e+00
3.353319335534125312e+00
3.718380328489418574e+00
4.066035393362181338e+00
4.430204876955956550e+00
1.300318195181724867e+00
1.527139130943231615e+00
1.750426698239973211e+00
2.007781221494437052e+00
2.254204619056672243e+00
2.526437702846211941e+00
2.799331089406136730e+00
3.090639739303039146e+00
3.371201838342339663e+00
3.682843750041553399e+00
1.130179236459198266e+00
1.324608816420597357e+00
1.525800762421962053e+00
1.737904020811514405e+00
1.969462413061418227e+00
2.189124611232221351e+00
2.427461196532186172e+00
2.677755232050295753e+00
2.925747915005938893e+00
3.183367336338057019e+00
1.011722608984557237e+00
1.186703902917824127e+00
1.361653043085388592e+00
1.553603016557983274e+00
1.748299246743548530e+00
1.946514620741638613e+00
2.159295558199320286e+00
2.386677152338076535e+00
2.608447206041474509e+00
2.860700795108736649e+00
9.216038653739185849e-01
1.073131993048138222e+00
1.236671345696323421e+00
1.409849274803854913e+00
1.591968008192384598e+00
1.770199335068704416e+00
1.974726794646833428e+00
2.172942518927331257e+00
2.371174027188440725e+00
2.599061605076300463e+00
8.393813409056081198e-01
9.839782908853236254e-01
2.192122334692947039e+00
1.297645272194126065e+00
1.459688937725284852e+00
1.639055743709825430e+00
1.811989871834224219e+00
2.002234555915976433e+00
2.179717194376627809e+00
2.380605728040042113e+00
7.824917242079452162e-01
9.211767220372887310e-01
1.055909679653980859e+00
1.204540288594023512e+00
1.356586586313906162e+00
1.516397286088161822e+00
1.684785847512590529e+00
1.854812549045063541e+00
2.038725871299157166e+00
2.205276724356238116e+00
7.340428164181157511e-01
8.588056725249277878e-01
9.913416035575806085e-01
1.127709454782133580e+00
1.281388175667548479e+00
1.421723127046274238e+00
1.585727382287046572e+00
1.733463939075537308e+00
1.911558324026654709e+00
2.074176166742209393e+00
6.915011724001196569e-01
8.136562948409062912e-01
9.359988593256272082e-01
1.063964643750120009e+00
1.202542581890343243e+00
1.345847650515274108e+00
1.496918418764498382e+00
1.646385238347528368e+00
1.795454973025994105e+00
1.958871451897710836e+00
6.571405587382035396e-01
7.675197647524762967e-01
8.874628259954194798e-01
1.008826745094310029e+00
1.137435764496729229e+00
1.277096925257857452e+00
1.412406296205773959e+00
1.555401723070185982e+00
1.701946414480707048e+00
1.858546362908780392e+00
6.280751804683527562e-01
7.317662396827443461e-01
8.466869868675763744e-01
9.644746582255430134e-01
1.090034725048767195e+00
1.219273990983058331e+00
1.348888461975185082e+00
1.481539157949315788e+00
1.634971622523770707e+00
1.776141363985147326e+00
5.996855996608215777e-01
7.003553882064431635e-01
8.054680508192129107e-01
9.239877163649399261e-01
1.038885905424558054e+00
1.162986541342249325e+00
1.292619948470561386e+00
1.420639394448013793e+00
1.557010442315147181e+00
1.698315876188605467e+00
5.762368408024881594e-01
6.751465414937602993e-01
7.776360730234503915e-01
8.844255373307118306e-01
9.991225776683281268e-01
1.114533838902360019e+00
1.235063031350320584e+00
1.358273330351231545e+00
1.497203587869983421e+00
1.628345241917592334e+00
5.554690648127605934e-01
6.479042796140010996e-01
7.485800519517940010e-01
8.493364076699985166e-01
9.621407151804448610e-01
1.074853908192733964e+00
1.189172542675918987e+00
1.315677806621747603e+00
1.435313796043604428e+00
1.564508630220506458e+00
5.336401654757498836e-01
6.255766210218595136e-01
7.205530733313394443e-01
8.174345367425096542e-01
9.278634933479060765e-01
1.033337960963585100e+00
1.149240123157774240e+00
1.268714842895523720e+00
7.198431197430270601e-01
1.508431606801290847e+00
5.168274382630377861e-01
6.054797122098330986e-01
6.945414925480070112e-01
7.942367143458588519e-01
8.941236331667851145e-01
1.000666663882794793e+00
1.109182768680611497e+00
1.218777528892244000e+00
1.343511092336294066e+00
1.462457767295865629e+00
5.013989997503054408e-01
5.873625442487534487e-01
6.756001826757572770e-01
7.680519585616271128e-01
8.660912413372882090e-01
9.702538435418640583e-01
1.072976734892796991e+00
1.186178567193068023e+00
1.296317697576315986e+00
1.414762596524855365e+00
