1.073398639512444674e+01
1.103080555492120318e+01
1.140470541595671072e+01
1.212452149873207929e+01
1.255778294193215672e+01
1.255795730785245645e+01
1.291544531903118198e+01
1.360386306943916956e+01
1.398119672327001162e+01
1.466239101217030516e+01
9.068058407939080467e+00
9.460180301936796710e+00
9.594395887034409043e+00
1.000256936664329110e+01
1.010263954389706953e+01
1.051938979181630884e+01
1.073270517788775535e+01
1.111654614886025882e+01
1.146998058300052570e+01
1.153420660624283478e+01
8.463341816528235029e+00
8.739354528942257616e+00
8.968788147196146809e+00
9.172584232357765543e+00
9.365219389242971815e+00
9.721599296964534176e+00
9.963538661245401329e+00
1.033320829664444318e+01
1.058202054607678555e+01
1.057812173874964579e+01
7.892643501569974518e+00
8.217917717103105701e+00
8.386549711361187320e+00
8.655050599717565518e+00
8.809602062409412682e+00
9.092548720360722925e+00
9.290462293902278290e+00
9.458225883360707797e+00
9.719794164176880358e+00
9.966830916333574208e+00
7.492195977130626794e+00
7.756940791284196557e+00
7.960032918896073006e+00
8.179118786467354241e+00
8.391842039969715117e+00
8.613970180450706948e+00
8.877828685104052653e+00
8.999426854098992123e+00
9.164657680746154611e+00
9.451495431572222827e+00
7.200645751368019987e+00
7.299157899241476066e+00
7.523752923493423950e+00
7.779405934082761931e+00
7.983134531318515137e+00
8.214279747537641896e+00
8.353439914447205794e+00
8.597372227174970405e+00
8.874593690864719164e+00
9.015247041701712760e+00
6.787638475175966413e+00
7.013329239813114846e+00
7.205129772891843309e+00
7.446694511133445715e+00
7.580948540836380367e+00
7.875518643510408978e+00
7.997606279847655486e+00
8.259247076580981783e+00
8.439309917030129782e+00
8.693162506546162405e+00
6.490606922409491553e+00
6.741253577756505244e+00
6.920220803569843149e+00
7.080789639502186539e+00
7.219456534366070599e+00
7.589802050042066206e+00
7.659502796516171941e+00
7.867862056376153213e+00
8.063676248744783948e+00
8.260617600188215448e+00
6.298270902971284890e+00
6.474665646256528184e+00
6.631085962497943243e+00
6.809874609050695859e+00
7.034775694513494493e+00
7.225544114768069015e+00
7.390391525684070650e+00
7.531915217557667575e+00
7.718840164854637642e+00
7.902187557460271350e+00
6.076357643987234880e+00
6.269390211317496409e+00
6.435701834464267357e+00
6.559220587425182103e+00
6.759734566966177916e+00
6.891606582560986460e+00
7.118782156420444096e+00
7.290242593842268803e+00
7.423440462554927954e+00
7.613768546616194399e+00
5.822300493736817018e+00
6.051369892425888963e+00
6.189203245019817778e+00
6.359476174558353456e+00
6.545805656627376123e+00
6.704340692933651980e+00
6.908889524744158628e+00
7.102438260763242361e+00
7.288427891391896729e+00
7.404346251910026488e+00
5.686150590179922304e+00
5.856932846641666579e+00
6.031767589121723283e+00
6.158671135816284448e+00
6.323348268078111900e+00
6.495218328272239994e+00
6.659398014519351428e+00
6.807107734135703581e+00
7.046213636754233178e+00
7.212667914100499011e+00
5.558084283896404187e+00
5.679182883221094436e+00
5.828505433794913593e+00
6.031088349951216010e+00
6.134852448279313641e+00
6.332764361832320610e+00
6.464866458209187705e+00
6.636744472507761117e+00
6.789500293685943433e+00
7.014442676594534021e+00
5.377408670716975259e+00
5.538502930771798560e+00
5.709869833099894265e+00
5.866275854264452860e+00
5.992329957689090492e+00
6.136149345851806380e+00
6.336308584877582639e+00
6.482072243055854166e+00
6.656989915028060700e+00
6.786909465184257861e+00
5.238881579121404286e+00
5.402492978906119347e+00
5.539384238458380239e+00
5.724854629247125182e+00
5.885541258479602078e+00
6.026912718547046133e+00
6.148492582781766913e+00
6.291013511153769500e+00
6.477378974219098140e+00
6.627337726413716545e+00
5.138436290021050290e+00
5.302025198727521094e+00
5.427799145790748625e+00
5.569319516175155194e+00
5.744181411915308288e+00
5.854214170830442043e+00
5.988104325979888287e+00
6.156799355102332783e+00
6.296340059807142175e+00
6.469744654490426683e+00
5.021691552159439631e+00
5.123939191436059026e+00
5.314965978275997927e+00
5.424937408150668716e+00
5.558401214872003671e+00
5.725813226347109541e+00
5.846173200884994259e+00
6.154726006209275013e+00
6.183562102026265883e+00
6.311557975986764824e+00
4.914903690271820835e+00
5.035675058828697814e+00
5.182299926027805981e+00
5.332712868323961963e+00
5.466509864229336380e+00
5.615895759760851647e+00
5.733042032847466274e+00
5.885273702344504976e+00
6.021210156098508293e+00
6.182934386011859296e+00
4.794000674751460522e+00
4.938759692377333366e+00
5.083855518065253598e+00
5.219379577435277362e+00
5.339842862874919938e+00
5.486805213692997008e+00
5.640500444546942660e+00
5.781680836437504745e+00
5.892300785709826627e+00
6.084322561768573223e+00
4.702051967167657942e+00
4.854067449146291402e+00
4.958292734170735017e+00
5.107701470970151369e+00
5.229756919256828951e+00
5.400253241567876117e+00
5.515024162736935409e+00
5.647972151085583370e+00
5.800987954473262320e+00
5.957729776036357450e+00
