2.919463568409583765e-01
3.057676437739161868e-01
3.168529802565767106e-01
3.288171445099334900e-01
3.422137948190275836e-01
3.533619311742404179e-01
3.656240448477513505e-01
3.787231420379767455e-01
3.891790932203371134e-01
4.032365933139024361e-01
1.923967379916813880e-01
2.010586501646375313e-01
2.085728453544102301e-01
2.179110248890974433e-01
2.255841487137156820e-01
2.345341884697862422e-01
2.422014253035145726e-01
2.520000457383831938e-01
2.619747397489801677e-01
2.701684506925526863e-01
1.528241208783305549e-01
1.591409719185716554e-01
1.653074369826847689e-01
1.720460998794340057e-01
1.786306082365920755e-01
1.852315749356910624e-01
1.926133261535078744e-01
1.990979176610404300e-01
2.063453012611229931e-01
2.135077087478632618e-01
1.301343315904793241e-01
1.354171264266127994e-01
1.410675510201115646e-01
1.470397178760449175e-01
1.523867567174823079e-01
1.581582429952508861e-01
1.638608326435092577e-01
1.698959889054247607e-01
1.761179875987634036e-01
1.819712898670062806e-01
1.151776821866974942e-01
1.200368152950000433e-01
1.250637339311568841e-01
1.299552546728442726e-01
1.350410795662377872e-01
1.400177676881303179e-01
1.451418183148234509e-01
1.506450379879624157e-01
1.558468373006042240e-01
1.610854956206677902e-01
1.046922451771961637e-01
1.090721836166438641e-01
1.135433069058832678e-01
1.179079133297447762e-01
1.225343917486533402e-01
1.273284854459099669e-01
1.317440202713002217e-01
1.367332867851249745e-01
1.415731350477208994e-01
1.463013167025051797e-01
9.649318656351722756e-02
1.006170456151934400e-01
1.044992076168903411e-01
1.088549788967828613e-01
1.130926580534092063e-01
1.172915785006975048e-01
1.215264377053334732e-01
1.259768814745287069e-01
1.303995144723821831e-01
1.348865083914762841e-01
8.994453840330549066e-02
9.360764078862725268e-02
9.754845661186482830e-02
1.013916952224447054e-01
1.053379014354312582e-01
1.093206417752941306e-01
1.133090933539722955e-01
1.174312603447664471e-01
1.214438311387656955e-01
1.257073031126793861e-01
8.459972459574628678e-02
8.812735151385593657e-02
9.180600279103916239e-02
9.532606597657014569e-02
9.900839078132050997e-02
1.027713757879627071e-01
1.066571103558092842e-01
1.104091963115822750e-01
1.142370598706490964e-01
1.182279218433348600e-01
8.007790057073817247e-02
8.345905990911134387e-02
8.689706109217636143e-02
9.032718245676020496e-02
9.379833403331905295e-02
9.731563042774235561e-02
1.009750898638888811e-01
1.044875456723237117e-01
1.082255315945632457e-01
1.119805146959063635e-01
7.626539615921673620e-02
7.941964544454041541e-02
8.264828575848236214e-02
8.595837898853297965e-02
8.926487658749951426e-02
9.268166903449059912e-02
9.610503605505971159e-02
9.955543536494995682e-02
1.029556494162828795e-01
1.065398171100815639e-01
7.296082423840623277e-02
7.595727171439396741e-02
9.517184748406511130e-02
8.219117957249651163e-02
8.537705190661930288e-02
8.862469471871413373e-02
9.182755831153380233e-02
9.515153372009302335e-02
9.854803236104722752e-02
1.019066729365703944e-01
6.989551621093509359e-02
7.293772213944678395e-02
7.587708881212412715e-02
7.889514153701267241e-02
8.185272278097506515e-02
8.499637840175713888e-02
8.812781258810754859e-02
9.125654553869827490e-02
9.457726562240009738e-02
9.773440432680631507e-02
6.730240404604662108e-02
7.012280220045952195e-02
7.304291368126467066e-02
7.595178579592093415e-02
7.882417291143062332e-02
8.178623420318284487e-02
8.481628502274454751e-02
8.790812328987923641e-02
9.105977152993199875e-02
9.411753062343458653e-02
6.496100505305021922e-02
6.770919417045195843e-02
7.050811997137843012e-02
7.334162059905843800e-02
7.613108277087349274e-02
7.900759325351396078e-02
8.188997780727653997e-02
8.495377541830050061e-02
8.777346320312537364e-02
9.074974684603563657e-02
6.287625808922341075e-02
6.555345277954358063e-02
6.817990651814963277e-02
7.092766296285155092e-02
7.357967848532745436e-02
7.647155689658041711e-02
7.930429299997095172e-02
8.205801173333940324e-02
8.498447219420748877e-02
8.793215650809865780e-02
6.096505424504954779e-02
6.347765048751533024e-02
6.614754347662968326e-02
6.871564449752733117e-02
7.144885884832415102e-02
7.403054233430078623e-02
7.686905411887122452e-02
7.964537561075843430e-02
8.226974201494677286e-02
8.517529246379240693e-02
5.923697005980689545e-02
6.173177996752537283e-02
6.417831224681104507e-02
6.680028107055296926e-02
6.932097538988864216e-02
7.196321584298959184e-02
7.458182339050228871e-02
7.731161910628801814e-02
7.997935450158212556e-02
8.274083097958521982e-02
5.758231314380309745e-02
6.001578934741589461e-02
6.247388459146563378e-02
6.497625472461859841e-02
6.747689543594935502e-02
7.002801368413631711e-02
7.262018821873279795e-02
7.519769900379091876e-02
7.783309650981999617e-02
8.046173005384105181e-02
5.611306470875594005e-02
5.850294970824501672e-02
6.086716975746199465e-02
6.328912487443413837e-02
6.569930345694025009e-02
6.819244945120056522e-02
7.074930198664750036e-02
7.331792190866322223e-02
7.588366789412175073e-02
7.842693766213146289e-02
