3.456225270970266994e+00
3.722181782453609866e+00
3.787894212612989531e+00
4.025876435504435413e+00
4.415635846421856137e+00
4.566380643437732978e+00
4.691257027301991123e+00
5.105968272087515025e+00
5.241273096387108588e+00
5.518517804236140911e+00
3.203707958527681310e+00
3.454435766362360383e+00
3.548419168178290839e+00
3.727164165636452253e+00
3.933437423592404336e+00
4.202542423367506608e+00
4.346285863554527396e+00
4.583492148201059102e+00
4.736295230155151970e+00
4.953409592687845198e+00
2.999858496313734690e+00
3.141025337576443643e+00
3.361181516607093744e+00
3.475874056564468351e+00
3.683298256670467730e+00
3.854250137341133975e+00
4.052648626260130449e+00
4.190387662318244999e+00
4.417164849265087234e+00
4.640008370652574321e+00
2.822674518292821233e+00
2.979433525949503281e+00
3.145331098635184119e+00
3.309110258789672798e+00
3.465337653522671868e+00
3.632544124678718234e+00
3.795629157453609182e+00
3.998982718387071866e+00
4.178548760513961291e+00
4.294523265281631197e+00
2.648869381531051115e+00
2.785293429270226717e+00
2.952621314863259183e+00
3.100975783177192469e+00
3.255308110937809918e+00
3.449805547161759911e+00
3.597979100269008690e+00
3.726033864066381707e+00
3.943386324477341720e+00
4.104699087863303397e+00
2.493208851239186785e+00
2.643627215776132022e+00
2.828899077566018772e+00
2.946521983886650986e+00
3.116114541904568380e+00
3.290673909159733235e+00
3.398299562568038557e+00
3.560988371376987871e+00
3.716253764551186389e+00
3.885107124295436254e+00
2.422169372712840385e+00
2.550357761031454729e+00
2.688266605781513885e+00
2.843535827162046115e+00
2.969698415789151280e+00
3.114714879873998310e+00
3.233905026630691459e+00
3.409702806289696575e+00
3.583480275887494404e+00
3.716452184838345385e+00
2.323412741466503117e+00
2.438731842434463726e+00
2.589344871286836103e+00
2.702507654743683929e+00
2.840735455632078299e+00
2.966869719356503676e+00
3.129412600476839668e+00
3.258731250899780996e+00
3.435801311084779375e+00
3.576849918045018839e+00
2.237357426788646020e+00
2.360452251680368096e+00
2.497897720835990931e+00
2.603949285738914821e+00
2.734132927149318437e+00
2.868349662166160829e+00
3.008958948966013569e+00
3.161673447950245741e+00
3.277006384423352348e+00
3.425513896432098360e+00
2.146280098426327942e+00
2.273336912409004373e+00
2.384935902193102475e+00
2.520720801852786686e+00
2.625118788338215214e+00
2.765778913638175851e+00
2.909647625261537307e+00
3.030578820738361934e+00
3.203145110838959475e+00
3.303277021508492339e+00
2.068323092889807757e+00
2.183303122187348677e+00
2.307648573823406490e+00
2.451323793967658204e+00
2.574325385315536785e+00
2.676555822435793708e+00
2.806629156496632138e+00
2.946263646956593263e+00
3.072989077658961676e+00
3.204269242175374455e+00
2.009120027145245846e+00
2.132102799952840133e+00
2.241373084543107908e+00
2.349406657355954664e+00
2.494434893575256496e+00
2.589323853634632577e+00
2.731843532417973730e+00
2.840185420672180605e+00
2.971983797546066342e+00
3.090586683691118886e+00
1.964934017424630364e+00
2.074466505324711108e+00
2.184861656870628277e+00
2.282684588494878763e+00
2.408507277824530668e+00
2.523814527088374948e+00
2.644725157399668181e+00
2.776583412086699010e+00
2.874643287942420411e+00
3.004031097178188947e+00
1.902954376819022464e+00
2.011637896942660486e+00
2.112837572013882781e+00
2.240754211975164889e+00
2.335626627661766985e+00
2.464302441579260261e+00
2.578300398263962734e+00
2.713173784886762085e+00
2.807425676245958179e+00
2.967670969464760944e+00
1.858934720789847672e+00
1.956234429190088164e+00
2.084676730707126779e+00
2.171583525278673932e+00
2.276118977603122762e+00
2.397911880480886548e+00
2.503157066726640512e+00
2.636965261984671294e+00
2.739427182272370143e+00
2.847238894849570379e+00
1.813785484671834869e+00
2.326899775457719421e+00
2.017602592258281646e+00
2.106706162304478713e+00
2.234248262140667407e+00
2.344655224088829648e+00
2.437649459667643459e+00
2.552524091713912924e+00
2.673375247278900080e+00
2.801233193832402879e+00
1.774219208326571318e+00
1.876299064426079966e+00
1.969172102056273799e+00
2.074377784804532610e+00
2.175465775636655774e+00
2.282838543088680172e+00
2.397708777751357268e+00
2.496734415146519392e+00
2.600796218239697755e+00
2.726597780981343533e+00
1.734066260820242178e+00
1.827553336099402514e+00
1.931244948597294675e+00
2.032087671681714891e+00
2.139498184591010155e+00
2.238462616574347752e+00
2.340001810898513668e+00
2.463689876207827201e+00
2.551454657735525267e+00
2.666903576562003053e+00
1.697377013622356934e+00
1.785823521566507921e+00
1.892361919875308773e+00
1.992042195188113096e+00
2.093223469067837961e+00
2.197288838495246477e+00
2.285946586382360479e+00
2.408665447508285151e+00
2.505674973646849324e+00
2.611386245422586683e+00
1.661626282044574632e+00
1.753919604530049803e+00
1.855157453440631876e+00
1.946329770923134195e+00
2.045505245982802922e+00
2.145060002115527720e+00
2.246604317952380914e+00
2.352664995218824995e+00
2.458610850529852510e+00
2.561743257189676992e+00
