1.837853831501840007e+00
2.005018841588125156e+00
2.114908969861760468e+00
2.338870077995524710e+00
2.479889676505933505e+00
2.648088932186576816e+00
2.814408233063369735e+00
2.948237228571152446e+00
3.317054274003511605e+00
3.512949787116127265e+00
1.729154992354028586e+00
1.897278423519146884e+00
2.059566458585257998e+00
2.193899651612741586e+00
2.403095813501898714e+00
2.497914006634105011e+00
2.657590536192941055e+00
2.824329987213198390e+00
3.076381636539133879e+00
3.173100506039546520e+00
1.644837670058377999e+00
1.771132066029780461e+00
1.921718748929085452e+00
2.042779343895926747e+00
2.197094801308012268e+00
2.396695796344721963e+00
2.513388852067255819e+00
2.672963937126981548e+00
2.797388581724297385e+00
2.984896927256066146e+00
1.531945902518927483e+00
1.675905356490217768e+00
1.782179212144387348e+00
1.927934356724910314e+00
2.087429866621663521e+00
2.207484072233903305e+00
2.359844211342634335e+00
2.475781771656657249e+00
2.675153554710204329e+00
2.808157870640191511e+00
1.438789422229606485e+00
1.592385667633839708e+00
1.691225666976148956e+00
1.818530780797314117e+00
1.967664606670013416e+00
2.078979305524552235e+00
2.254158849296537870e+00
2.358419247254117224e+00
2.538297108723731377e+00
2.650529861327858949e+00
1.372665563137013045e+00
1.495516784994617820e+00
1.615732315777685946e+00
1.742807457011409378e+00
1.876008047346153562e+00
1.972145708078483661e+00
2.122621684224376359e+00
2.253074326076773382e+00
2.389633664389454015e+00
2.508245820300809115e+00
1.319484150510896958e+00
1.432389343703376783e+00
1.542902175860389580e+00
1.653396983008408316e+00
1.770838373772398056e+00
1.899347343203830363e+00
2.015431360207225353e+00
2.143952892501357343e+00
2.265304416008173671e+00
2.406387737641825897e+00
1.253725332938534942e+00
1.380456468681462656e+00
1.471871445408297729e+00
1.579420799368093764e+00
1.695376464479888767e+00
1.802287201662443605e+00
1.940117191525548179e+00
2.065378389795450520e+00
2.201691093970353563e+00
2.290890211931100318e+00
1.211267808449073113e+00
1.320715510772330070e+00
1.413062878577009851e+00
1.535572898771185191e+00
1.634583518610213559e+00
1.745265243150389667e+00
1.881859008999179572e+00
1.985985343437034256e+00
2.091411385449097882e+00
2.226138004339044407e+00
1.165984661150116342e+00
1.268250147911070380e+00
1.359135851328623135e+00
1.474067008986751803e+00
1.584086837812419102e+00
1.684556822485095307e+00
1.781757993322761857e+00
1.926287095275626804e+00
2.026401396615003403e+00
2.145638959864021089e+00
1.127574243461309855e+00
1.232604900871427267e+00
1.321412762826337017e+00
1.425622280586716917e+00
1.520855514109225037e+00
1.637856167244391647e+00
1.737277915295934783e+00
1.862167907868027106e+00
1.975604568988357679e+00
2.083969783198547088e+00
1.099074084114936678e+00
1.186299537454782005e+00
1.285447174468419718e+00
1.374509591219530868e+00
1.489943094403479718e+00
1.577318069388184973e+00
1.685247317720670601e+00
1.799372373398627101e+00
1.894100789480135383e+00
2.016886551046847220e+00
1.065111895608104708e+00
1.162127542594643570e+00
1.247242430316835904e+00
1.340895552320977346e+00
1.439346486669253800e+00
1.531467255094637769e+00
1.633220465153995882e+00
1.750191222343238318e+00
1.851624041746731786e+00
1.957886330409689402e+00
1.038248802575976404e+00
1.123432135545081589e+00
1.208286983917117086e+00
1.309644579457891034e+00
1.401758318103708323e+00
1.496083218701077078e+00
1.600192108991192352e+00
1.699788313422686548e+00
1.792683563893503251e+00
1.904075096768605313e+00
1.008723924605299471e+00
1.100399631404111567e+00
1.184811975483631485e+00
1.268764339362766558e+00
1.361993890273403229e+00
1.459308341895158900e+00
1.553995852255013910e+00
1.647491841126546674e+00
1.654824457777751112e+00
1.851655327745343360e+00
9.869669032560342004e-01
1.063881720906656225e+00
1.152595649284075430e+00
1.245047236692115922e+00
1.331794465746206191e+00
1.431186660435154190e+00
1.516069881696772592e+00
1.618703716533422599e+00
1.717198993206407343e+00
1.812823164374297802e+00
9.596593934318133901e-01
1.045871009284186970e+00
1.123119922213942745e+00
1.216179349817054778e+00
1.302653996409009807e+00
1.395772881657808551e+00
1.483290485647548396e+00
1.577818265849046719e+00
1.679431606467093552e+00
1.774435518916159804e+00
9.430596521482071948e-01
1.026281354918843869e+00
1.110421217996083953e+00
1.184273492505465653e+00
1.272680330203325827e+00
1.371383773296665387e+00
1.454429429392851691e+00
1.544320857687518034e+00
1.636665081456396109e+00
1.744562488697555480e+00
9.253871962321736921e-01
1.000790112863237491e+00
1.086107894114061612e+00
1.163349583078511884e+00
1.251931583265001757e+00
1.337576954846839916e+00
1.413668846058064865e+00
1.523082043308938260e+00
1.594026046345083270e+00
1.697986645432918218e+00
9.070539475181851330e-01
9.816504006820572226e-01
1.066675450156549854e+00
1.140605911087883451e+00
1.221951275890251321e+00
1.305569405191092436e+00
1.399486525651592927e+00
1.477673204294342124e+00
1.568175450135531168e+00
1.671408244141212585e+00
