1.048541437287336120e-01
1.144103464188248043e-01
1.235967828684562259e-01
1.319332471007721441e-01
1.421482686149276586e-01
1.518817417377861245e-01
1.605777574408409070e-01
1.729549531519674332e-01
1.815992744320216457e-01
1.928380018153818265e-01
6.793315172521961764e-02
7.375376232739945526e-02
7.987987578835695213e-02
8.546958290578840489e-02
9.213744569375172111e-02
9.816364911256969528e-02
1.048753293776207990e-01
1.114919108061183106e-01
1.183730594496435196e-01
1.251682197388453710e-01
5.394772840292227922e-02
5.841398515659360774e-02
6.307469014082772718e-02
6.791342764353319739e-02
7.290454076764936453e-02
7.784625044932784454e-02
8.287130041664522717e-02
8.819291340962713555e-02
9.349267891380111384e-02
9.930102944500546203e-02
4.587356056991525460e-02
4.978328802206667680e-02
5.385154632623063986e-02
5.805547006925036030e-02
6.206738489458047542e-02
6.649658124231613843e-02
7.069532384251948909e-02
7.520508895211702738e-02
7.983371995435874224e-02
8.450872904245264328e-02
4.075540543290196577e-02
4.420757748968787149e-02
4.771064540953397909e-02
5.130982808988939631e-02
5.492111758981826908e-02
5.879292806068358440e-02
6.271552911255275087e-02
6.678861279420128527e-02
7.079189134232471980e-02
7.496300750774836930e-02
3.699661874101910913e-02
4.008934957309543551e-02
4.329005829431982477e-02
4.660269239156528132e-02
4.993094536557980689e-02
5.346223017791394000e-02
5.696845225549131836e-02
6.052787047701953249e-02
6.420189735898841621e-02
6.795312882095422280e-02
3.405611472634809123e-02
3.695026100654850293e-02
3.999367329623142175e-02
4.293593928711161856e-02
4.606742513441183795e-02
4.919853176133559547e-02
5.244597867601972357e-02
5.578853866943617873e-02
5.917739376119339478e-02
6.262867762542422001e-02
3.177890247158425552e-02
3.446912739211814569e-02
3.722227024762593539e-02
4.004947460668187298e-02
4.297548879744111927e-02
4.589278884762042904e-02
4.895083907645128574e-02
5.207510673001228274e-02
5.510137554038638252e-02
5.844128159583705795e-02
2.988274915152956332e-02
3.237785606730400612e-02
3.501065853050625704e-02
3.766708912765477646e-02
4.038841602074527692e-02
4.320444328965934028e-02
4.604293112273352695e-02
4.893173261897544590e-02
5.191602093902007720e-02
5.489965399521937878e-02
2.826759208412954125e-02
3.070174603070116581e-02
3.316613781058855986e-02
3.566585937166726061e-02
3.823342667069809520e-02
4.085841115918277533e-02
4.354565821672555515e-02
4.635278468459311935e-02
4.915618041532496263e-02
5.197311903761331342e-02
2.694114008912520952e-02
2.920535678598926849e-02
3.155107582107843228e-02
3.397256419359941104e-02
3.639160047898967049e-02
3.896022258126109750e-02
4.148445078424478627e-02
4.407989929838751486e-02
4.679938569706057483e-02
4.958073515646652107e-02
2.576657412096520355e-02
2.793968139204965062e-02
3.017498398225584161e-02
3.246898664135777768e-02
3.482617709261928013e-02
3.718872995784900520e-02
3.966627838377657922e-02
4.214191801883263727e-02
4.470455824400281636e-02
4.733474400360045131e-02
2.472364297969913832e-02
2.680589780562672719e-02
2.893650504221397662e-02
3.116023986327192200e-02
3.338542705967742497e-02
3.570079744172272029e-02
3.805488730910226713e-02
4.049260774644299760e-02
4.294153420807184096e-02
4.539895848700782610e-02
2.380143630233580443e-02
2.581827973617251137e-02
2.787792566705319525e-02
2.999209944470530853e-02
3.214077860939598685e-02
3.437216866545973748e-02
3.663426631183371723e-02
3.895968916634355572e-02
4.128728241545302768e-02
4.376348479957253151e-02
2.297146581393285855e-02
2.492773064433287736e-02
2.689974588274288494e-02
2.894927358978567622e-02
3.105270987469267024e-02
3.320686197055737476e-02
3.536683149533584314e-02
3.759667298186981227e-02
3.757399880749066889e-02
4.223155587991993254e-02
2.220905860261802520e-02
2.411074617034843215e-02
2.604211734622128432e-02
2.802851846729217944e-02
3.001840933100773795e-02
3.210535667372778346e-02
3.419702279333854122e-02
3.642891724208618259e-02
3.858442895866648348e-02
4.081477126390363475e-02
2.154005700434707959e-02
2.335591268999961945e-02
2.524184204100643827e-02
2.715442602543398712e-02
2.911062666508389477e-02
3.114328307927566319e-02
3.317553276827406306e-02
3.529247361763374058e-02
3.745181896543122585e-02
3.957855439102449940e-02
2.092100131113087610e-02
2.270041229711648040e-02
2.453514547216466973e-02
2.637560458352378873e-02
2.827661901964958341e-02
3.022845283704151884e-02
3.221774938189995302e-02
3.428603580328664496e-02
3.638259908273631937e-02
3.844912752091603908e-02
2.037175519372163082e-02
2.209410418056354658e-02
2.386448630749366667e-02
2.565670259068107695e-02
2.751684810106552401e-02
2.941048915539009462e-02
3.135415893918265529e-02
3.333791730343550752e-02
3.530253837889628377e-02
3.740267984338885299e-02
1.984637624479089479e-02
2.153032506933581433e-02
2.324673007928510990e-02
2.499813146576539830e-02
2.681525835747712236e-02
2.865823566532878924e-02
3.054166927405500484e-02
3.246422936769561424e-02
3.442336818263798393e-02
3.647214335420580211e-02
