1.876798254180631531e+01
1.905679705348934405e+01
1.930942051692912997e+01
1.995271571810306810e+01
2.071171427147274713e+01
2.123716248194440226e+01
2.211753257876208068e+01
2.259850469114335070e+01
2.293377573631203958e+01
2.320222927520206824e+01
1.481454911326794033e+01
1.499579085622887220e+01
1.506713574956472357e+01
1.531141154754155131e+01
1.574546032081218172e+01
1.637094444878534816e+01
1.688815803246979996e+01
1.719306689054199921e+01
1.742411889453003226e+01
1.754154047444774278e+01
1.312298478070896834e+01
1.354594766955760399e+01
1.371355753335523708e+01
1.405493976076179230e+01
1.433703106877488409e+01
1.439087413336756960e+01
1.469071053623343914e+01
1.498884419430087966e+01
1.546315305404398721e+01
1.566360230816034083e+01
1.223423397752693376e+01
1.252377380819191188e+01
1.276487380428797103e+01
1.295877453044754368e+01
1.319581779480228256e+01
1.356075132727951171e+01
1.374517302692185794e+01
1.408069951719424395e+01
1.440217451302778251e+01
1.470259350027783896e+01
1.141760495003088138e+01
1.190354570412021218e+01
1.204513789005715552e+01
1.231777921703759482e+01
1.260125612976046483e+01
1.289277791179768684e+01
1.313722312859766461e+01
1.328250368613804255e+01
1.366632213442469279e+01
1.393910685256525817e+01
1.098281510194262722e+01
1.122312362994779278e+01
1.152245661925054776e+01
1.177594281292502920e+01
1.186874566149674948e+01
1.224630662191971453e+01
1.240991176853937894e+01
1.260635908555592444e+01
1.281652889697138953e+01
1.313014415025527271e+01
1.054964656014349345e+01
1.079037119394235056e+01
1.095979702697691316e+01
1.124080477381541243e+01
1.120175828422367736e+01
1.171778985621007152e+01
1.184449035508087178e+01
1.212730777131968196e+01
1.238765234652967884e+01
1.257865152978563117e+01
9.960173205131759744e+00
1.026628578283314397e+01
1.038709483000265088e+01
1.071731397333209479e+01
1.102143505102623422e+01
1.112145846721800524e+01
1.138880741567792754e+01
1.164359798468394835e+01
1.184249964135556255e+01
1.194282414254793601e+01
9.747446036125799296e+00
9.875167112084799470e+00
1.010436164082721078e+01
1.029275851193363955e+01
1.050877282019483694e+01
1.070723345446937991e+01
1.099631331101520715e+01
1.117331240928943181e+01
1.134234206784225130e+01
1.159610187986192820e+01
9.340938682311278995e+00
9.559667154702944813e+00
9.728532934202421600e+00
1.000707921187460592e+01
1.014129985595507577e+01
1.039409255003036314e+01
1.052713949308358643e+01
1.070523226697242514e+01
1.098142017068074416e+01
1.106754892418220848e+01
9.085672091415071705e+00
9.246079266765629967e+00
9.501736637554554221e+00
9.630172504595350347e+00
9.799347989297793049e+00
1.002442413578466329e+01
1.022220187473558184e+01
1.042690486009088069e+01
1.064677019367689859e+01
1.090512078692199793e+01
8.778589439661814708e+00
8.960081284883186115e+00
9.134762514848631554e+00
9.370595728729632867e+00
9.555376073805504689e+00
9.666342572829067947e+00
9.812838390985454851e+00
1.014910901470432236e+01
1.028433270169736780e+01
1.047158427261560654e+01
8.485958641773201805e+00
8.680449166255542082e+00
8.837167356476296476e+00
9.088262525454490870e+00
9.224175326608781589e+00
9.443282046364736004e+00
9.636649612646674967e+00
9.813467065329199102e+00
9.938671009332002981e+00
1.021995460923395527e+01
8.359620222520813826e+00
8.465918189069215671e+00
8.637076082270322530e+00
8.839753609151864922e+00
9.016343247024828145e+00
9.150527372264159354e+00
9.335660771670360347e+00
9.595002823598390407e+00
9.731875657402737190e+00
9.874517497172771385e+00
8.109116089097980762e+00
8.260646110667948960e+00
8.411697100928444470e+00
8.607796805035638599e+00
8.805932332045156130e+00
8.946343996057937176e+00
9.086468939717589066e+00
9.251712197753128919e+00
9.505359224859651235e+00
9.665581403609328603e+00
7.925363005975453845e+00
8.066202160200793614e+00
8.220906177170244078e+00
8.410871257520945221e+00
8.564008424906008443e+00
8.734258626526504088e+00
8.929725264352878611e+00
9.080113890642412144e+00
9.280328539800381193e+00
9.454257896890190693e+00
7.701026421313753367e+00
7.868905551670026810e+00
8.050136085418937881e+00
8.181568433119473127e+00
8.373195803775105972e+00
8.551655994193071209e+00
8.736296676675479489e+00
8.902559876283076434e+00
9.027319204484633985e+00
9.226358684054172699e+00
7.540067049679457512e+00
7.705234850533862812e+00
7.878284008111236858e+00
7.996471713231319001e+00
8.163373460486905486e+00
8.376957614367457339e+00
8.540978218867140370e+00
8.643725078160581887e+00
8.880797155587231373e+00
8.984849146290049049e+00
7.387127125690961194e+00
7.549852443994343965e+00
7.695713191152744770e+00
7.880042031101655020e+00
8.055768601680036056e+00
8.193748862493528407e+00
8.290864086040354408e+00
8.477656248596277422e+00
8.699506217731794777e+00
8.809814316753090679e+00
7.241900940650400464e+00
7.411556094452550703e+00
7.585553392336795042e+00
7.691571386631115281e+00
7.910043909236124549e+00
8.045592510180373580e+00
8.154942053637716626e+00
8.374654200284913586e+00
8.451790643916428536e+00
8.669792859354723547e+00
