5.192470307721365685e+01
5.350774278716325227e+01
5.414958668572568001e+01
5.633528574885986018e+01
5.797877528962971638e+01
5.846881116876159723e+01
5.994236542374039090e+01
6.137812205772386420e+01
6.246175478066263054e+01
6.289064492857183097e+01
2.468322524265019524e+01
2.558629541104383875e+01
2.663795233864465928e+01
2.770652687532664871e+01
2.879217691316330630e+01
2.977914959542768969e+01
3.096581866187936072e+01
3.232831532203749703e+01
3.344873131578923875e+01
3.434524499877634440e+01
1.623205534349780876e+01
1.687773587640539574e+01
1.763301107795265921e+01
1.829751875538950046e+01
1.895167625881778051e+01
1.962914344520956789e+01
2.048439570714995739e+01
2.115829513697235953e+01
2.183971873093034688e+01
2.278432549164335441e+01
1.261141970466099771e+01
1.301342437557746301e+01
1.362186853220368477e+01
1.410222551942882596e+01
1.470193077476992727e+01
1.521384229586338677e+01
1.583769425319312418e+01
1.627764793018376110e+01
1.690125723885913445e+01
1.755181963609506468e+01
1.043702407292421164e+01
1.084838203179130289e+01
1.131574412399911544e+01
1.175011480001384534e+01
1.223116220282465250e+01
1.267843039965786822e+01
1.313392782921528124e+01
1.359170608070676955e+01
1.403662225829601518e+01
1.447319701754740429e+01
9.035591867447617886e+00
9.463323097847737841e+00
9.828529119256728563e+00
1.016095529145840359e+01
1.063422670784958157e+01
1.100824333558518475e+01
1.146691880043496425e+01
1.178663250184364308e+01
1.221405793461738298e+01
1.262317413711686775e+01
8.059311078425086095e+00
8.428737557438871875e+00
8.703828471723481286e+00
9.100652958657370561e+00
9.420847071129950123e+00
9.804267405871046392e+00
1.013061408846278688e+01
1.054543963238998394e+01
1.090999770928406676e+01
1.129814470410721228e+01
7.308702872354091440e+00
7.608926628693863492e+00
7.920735177695194196e+00
8.295977327267941348e+00
8.586752069005921584e+00
8.933777089473124988e+00
9.236291708430787395e+00
9.559839910418840958e+00
9.895216158201503021e+00
1.024030747058785451e+01
6.741693050446831315e+00
7.007466486123298033e+00
7.295272936928742347e+00
7.583119663203127914e+00
7.889082870008331305e+00
8.190963966231459281e+00
8.467125613801433914e+00
8.799498188652547626e+00
9.131510056197553737e+00
9.482534189235019895e+00
6.269878125970667071e+00
6.546082261099853916e+00
6.807699242010595952e+00
7.067483757946897427e+00
7.361652029336148040e+00
7.605868182497757424e+00
7.896468432902284285e+00
8.193215447951521568e+00
8.471938341924968086e+00
8.771893811068158797e+00
5.893961950686768425e+00
6.107443081384198891e+00
6.359560200945908903e+00
6.652036100969196397e+00
6.889902868109564871e+00
7.162967042423028730e+00
7.452608707261364707e+00
7.656167216934734121e+00
7.925008669827446006e+00
8.185760070991150883e+00
5.546748738297313075e+00
5.768207594337630972e+00
7.205142213821387642e+00
6.260303295589962680e+00
6.506723608005575699e+00
6.740592754628766947e+00
6.991076735178796575e+00
7.229442336770802946e+00
7.525803112642183379e+00
7.770108303688224360e+00
5.260524641269647361e+00
5.474055647345887898e+00
5.711471946860318560e+00
5.944494459005291276e+00
6.173421864450091334e+00
6.411881342731961198e+00
6.618185864298449239e+00
6.842562885961634755e+00
7.098083873514309694e+00
7.383012343243575692e+00
5.006071240020531832e+00
5.223992722250748955e+00
5.445385025412750934e+00
5.647088924367582585e+00
5.857993087653566633e+00
6.087057853317793921e+00
6.309528274774526047e+00
6.534596270735462120e+00
6.778898710082989609e+00
6.996390775718546173e+00
4.792128918820053762e+00
5.002510623791002864e+00
5.202181735174667310e+00
5.402608283680089940e+00
5.603849271552493683e+00
5.827943461869280917e+00
6.054819530865003685e+00
6.250209043069453685e+00
6.478403396993390295e+00
6.706123811666070189e+00
4.588546460638159630e+00
4.805951051106070793e+00
4.984900780777088869e+00
5.204297103792539403e+00
5.391071882064206733e+00
5.593161908882922084e+00
5.824283471567006210e+00
6.002283185840693314e+00
6.216765974041173592e+00
6.447101528257853431e+00
4.420372493447541906e+00
4.619119910537422768e+00
4.803258628195458790e+00
4.978926173089850415e+00
5.195611286480977142e+00
5.349862186754828386e+00
5.583848378351303765e+00
5.799473540766592272e+00
5.967713367330807372e+00
6.203194941024159803e+00
4.276055724941104863e+00
4.459726795255010146e+00
4.626265294152957175e+00
4.817578688000434539e+00
5.012291337325447849e+00
5.179541986421868138e+00
5.384276106435360809e+00
5.595337065589402137e+00
5.767182403385259448e+00
5.988567314765798066e+00
4.122463660938713303e+00
4.309687930450476046e+00
4.490385537333080102e+00
4.659694873515866753e+00
4.833801553595231226e+00
5.017706905213026758e+00
5.207884422773632949e+00
5.406985489998869632e+00
5.584659125097902965e+00
5.765692296612959566e+00
3.997019108493124584e+00
4.166686983324715321e+00
4.346172288620093305e+00
4.506796151671557560e+00
4.690489283045785385e+00
4.847718517343523992e+00
5.054638974501836302e+00
5.231309718389172581e+00
5.401452677685957937e+00
5.590444688500557646e+00
