2.323018129196766424e+01
2.398323055613122889e+01
2.441596045019259620e+01
2.458366178429176685e+01
2.495787381955793904e+01
2.686323566900889048e+01
2.714834751977328509e+01
2.778482859492978818e+01
2.791132881111503039e+01
2.873707163646151841e+01
1.792160262743352561e+01
1.826799935788762141e+01
1.846520958387246836e+01
1.856525126060891040e+01
1.921114217408585745e+01
1.990949644782876859e+01
2.082052205962894220e+01
2.078840161770932937e+01
2.117502926702849209e+01
2.159053261238632615e+01
1.581409668225294496e+01
1.600420049262867295e+01
1.625864246271825664e+01
1.657509290780512856e+01
1.708821946838174100e+01
1.713594789316807621e+01
1.752121680240552948e+01
1.806730989314422331e+01
1.797006196316770854e+01
1.824844420482659402e+01
1.474409923614423690e+01
1.489820159750169282e+01
1.519930997309193188e+01
1.540585320609895703e+01
1.587815550231805872e+01
1.602512652707185481e+01
1.626212788532312103e+01
1.660397280149852861e+01
1.701661761874617085e+01
1.719758679562085391e+01
1.392042464456716644e+01
1.398598496508987132e+01
1.426414116063257609e+01
1.459520898634019659e+01
1.484994471641831915e+01
1.512675649102559383e+01
1.540597609668119183e+01
1.555394282715310439e+01
1.589792669627602173e+01
1.623908601888890502e+01
1.311794995641596095e+01
1.347886695622053033e+01
1.364576195449718732e+01
1.391956469454803091e+01
1.408128246425375529e+01
1.437545494887418229e+01
1.467846962860907212e+01
1.477090260450568415e+01
1.519509538519014313e+01
1.544129942100969899e+01
1.252425582730289655e+01
1.279252135763872467e+01
1.297098885884987318e+01
1.326353471531649220e+01
1.350366644878572053e+01
1.370113554584313675e+01
1.394397410435009554e+01
1.414542964755873200e+01
1.436449517542113519e+01
1.476102956232583274e+01
1.202085595741766788e+01
1.223850066469397291e+01
1.245801874947224874e+01
1.279518270686646986e+01
1.300673641793081536e+01
1.311719399776919737e+01
1.335930146637817018e+01
1.361617958112180915e+01
1.372969747437454657e+01
1.408946041637160107e+01
1.155793019985667414e+01
1.184936590965182290e+01
1.191024333917667910e+01
1.224394968156696173e+01
1.242949453915088753e+01
1.267947160256878902e+01
1.289984878401404167e+01
1.308488378046800271e+01
1.340424440578047083e+01
1.358218013364580123e+01
1.114613447935529678e+01
1.129082227800687299e+01
1.160216112279037048e+01
1.184280809790565137e+01
1.197428016352158586e+01
1.218481862329835863e+01
1.246290451923324483e+01
1.257778142527787857e+01
1.280885538732977835e+01
1.306596515705927253e+01
1.082762255024953646e+01
1.098250616976882910e+01
1.115171003333411726e+01
1.137347088859043254e+01
1.162798129817386794e+01
1.179911157849732284e+01
1.209237780849374921e+01
1.229190435257291369e+01
1.239810590658732536e+01
1.273759609876193721e+01
1.050598568825220802e+01
1.070208543338583418e+01
1.083154749071014677e+01
1.099468063024398745e+01
1.124591763946725287e+01
1.149046507336486123e+01
1.165288429088748323e+01
1.191985410246304333e+01
1.211209853189787289e+01
1.231343081296612496e+01
1.014435640665383076e+01
1.041066537304211792e+01
1.057788429822724474e+01
1.074405169499347323e+01
1.087946249860616632e+01
1.111678384674231701e+01
1.136823977351735415e+01
1.154076946655006530e+01
1.166388874259024000e+01
1.195713509292407828e+01
9.892967846062571624e+00
1.011346906767575682e+01
1.026264107359097721e+01
1.047128138674780118e+01
1.067543337776717749e+01
1.087428173362670947e+01
1.099152631064079344e+01
1.122942271908946132e+01
1.144289145540634323e+01
1.154072275183170682e+01
9.650141530007282142e+00
9.836501121158372385e+00
1.005777811597364568e+01
1.019249038378248784e+01
1.038577991684330470e+01
1.060622037543026330e+01
1.072928415658530810e+01
1.090877075213522396e+01
1.115436689791941838e+01
1.132079448508484454e+01
9.425636776092563451e+00
9.641830263182983529e+00
9.822193606284686851e+00
9.931901145008588117e+00
1.020033182968374419e+01
1.032492938843661356e+01
1.048289948075998623e+01
1.070523842431239459e+01
1.080881785594387345e+01
1.103907524558230868e+01
9.194704537600832950e+00
9.387737770879486021e+00
9.591356573034811817e+00
9.690019286229787809e+00
9.915085290279481711e+00
1.012297556969263290e+01
1.028593305160148574e+01
1.042591427962603312e+01
1.061070388963307920e+01
1.079999223608969494e+01
9.018681309969027282e+00
9.189219937031314345e+00
9.325970669338321528e+00
9.516325364476507787e+00
9.634285350739570930e+00
9.884713604363614792e+00
9.985191702528506852e+00
1.018199423972395046e+01
1.039160659699069456e+01
1.061366869524408862e+01
8.818567754350002730e+00
9.010920923562217411e+00
9.177753523506027022e+00
9.305140572858086045e+00
9.463404849308503231e+00
9.606878446331128529e+00
9.841810548784906132e+00
1.002366650571531181e+01
1.013883256365080854e+01
1.032910040760077486e+01
8.619263454475960984e+00
8.819443619567319814e+00
8.921761323820888379e+00
9.139625200113927761e+00
9.280700589174070814e+00
9.494852713943986444e+00
9.666705137949245241e+00
9.843254175784704074e+00
1.012038353861222006e+01
1.015541029309217613e+01
