2.182840856642135208e+01
2.349178781588291898e+01
2.490758850298401583e+01
2.692780559238373428e+01
2.841533775297416753e+01
3.049418233715877946e+01
3.211974443650564126e+01
3.427415383969645291e+01
3.561260631327237292e+01
3.745038730999144150e+01
8.659840782458465114e+00
9.426402534998176819e+00
1.025595201576423143e+01
1.095503685825582885e+01
1.174838249583857852e+01
1.255383435608101905e+01
1.347769926254631656e+01
1.416471524768969736e+01
1.511491767566970879e+01
1.597875819549154564e+01
5.725556364840772794e+00
6.184314618028418309e+00
6.705274061895417859e+00
7.164798070329911006e+00
7.667896468280187783e+00
8.326741690771294557e+00
8.763122525201055169e+00
9.348858471794589065e+00
9.868609505477362376e+00
1.045153735017581198e+01
4.413399787428671672e+00
4.787547066780233784e+00
5.155961473947097140e+00
5.566556118482846038e+00
5.976542349345212557e+00
6.374095753711583434e+00
6.811066550861417213e+00
7.191856271720292959e+00
7.682143382706469126e+00
8.101914365784764982e+00
3.666273079608816765e+00
4.020609602057944265e+00
4.296479415234757404e+00
4.620222774725467829e+00
4.959755667371858578e+00
5.288440341994089522e+00
5.690304045276779910e+00
6.014175816264084595e+00
6.427769167474118639e+00
6.760758602930181382e+00
3.199310726694183149e+00
3.473930649532160686e+00
3.736851685306087578e+00
4.029914200074276920e+00
4.330991829988070307e+00
4.601283156536656982e+00
4.917452443753383307e+00
5.226237797095024895e+00
5.552264594674078069e+00
5.853856212286602911e+00
2.855332206564056285e+00
3.098779771436270369e+00
3.338684588952975041e+00
3.590868385479975444e+00
3.845739023448471627e+00
4.122509005145607475e+00
4.385126680419372036e+00
4.649530718756384573e+00
4.929490541207941945e+00
5.233541919219893757e+00
2.584729315070689371e+00
2.813640156169914697e+00
3.028879387268990975e+00
3.258645667318706085e+00
3.490403711915782914e+00
3.726012383218726409e+00
3.989382909394238563e+00
4.232290600929542457e+00
4.504305157650347446e+00
4.729512020517905313e+00
2.383849628722126024e+00
2.593888690160385480e+00
2.778570085631172137e+00
3.005073622271179357e+00
3.214354242487859281e+00
3.442923760101581632e+00
3.681507258584193032e+00
3.901041142164513698e+00
4.126868752081088942e+00
4.385794411883569666e+00
2.211578951967822615e+00
2.404540677958160177e+00
2.585534323309563565e+00
2.794531048364671921e+00
2.989426216846470474e+00
3.196415005838773027e+00
3.403296691125659468e+00
3.646361630605216231e+00
3.840809383110828978e+00
4.067733022415018773e+00
2.074157259249685303e+00
2.250399658771366607e+00
2.426889276146296570e+00
2.618363661003465293e+00
2.795686673891638829e+00
3.009513119050015284e+00
3.194603243917437219e+00
3.407103494151888068e+00
3.624941724496085982e+00
3.814463860271170681e+00
1.964974146778853514e+00
2.119384751976892467e+00
2.293759002002046188e+00
2.462423058242399154e+00
2.657282377376059213e+00
2.829578293960437030e+00
3.018082057639561278e+00
3.214229567226165596e+00
3.386672284490588769e+00
3.598469736399835917e+00
1.858345917200076247e+00
2.016410484667291669e+00
2.176874901421148145e+00
2.345428419548476917e+00
2.512374526428326149e+00
2.677723858226265907e+00
2.858705130130019700e+00
3.047237768535117297e+00
3.229949170053726615e+00
3.412028115007081919e+00
1.774350682674699531e+00
1.922005280074399414e+00
2.070036800679187827e+00
2.232371325997848821e+00
2.394717196546537696e+00
2.554065610093846583e+00
2.735546594834672884e+00
2.901824189788046127e+00
3.065172899232107007e+00
3.264908626653920010e+00
1.692723641819378066e+00
1.843337669878543750e+00
1.983719345023593705e+00
2.130294964303279581e+00
2.289561036583801279e+00
2.449728952434030660e+00
2.604605317194796932e+00
2.764943166725868373e+00
2.770828977595057641e+00
3.116804238675572769e+00
1.625181606662788436e+00
1.758229531258128864e+00
1.902129627530370071e+00
2.048930205001417537e+00
2.199874343092830031e+00
2.356075152644863557e+00
2.504430785306823282e+00
2.664550369680732000e+00
2.827969356104599985e+00
2.990555172524647087e+00
1.562263590223253562e+00
1.695533696049271954e+00
1.831257187439995215e+00
1.971582341729747334e+00
2.117661768515864296e+00
2.260747258224232059e+00
2.408052978740060635e+00
2.563038630400281903e+00
2.717358807660827491e+00
2.877135650290032043e+00
1.506038599055775418e+00
1.641076084220592257e+00
1.774924975956973627e+00
1.899829723832388906e+00
2.038852669777196258e+00
2.187477422848309150e+00
2.328555318765036297e+00
2.473040005830999366e+00
2.625246064604880747e+00
2.781362329728805260e+00
1.461059891633909702e+00
1.581518763049076570e+00
1.713261263457991568e+00
1.838630063301880835e+00
1.976851407463710464e+00
2.112252303924043950e+00
2.240870007547520526e+00
2.399253633451858825e+00
2.524442094891796717e+00
2.677581765977442796e+00
1.415428287361622850e+00
1.531045879781640195e+00
1.662967818267913733e+00
1.781361963692741579e+00
1.907200253271800650e+00
2.038116733579246276e+00
2.178726070863248765e+00
2.307444216411107973e+00
2.447117442284756361e+00
2.605471641574412356e+00
