8.220037347651285131e+01
8.234386621445851517e+01
8.237537273710896102e+01
8.333895371161216303e+01
8.363685808548758871e+01
8.416468969965781355e+01
8.479032873778481871e+01
8.501174891473624484e+01
8.522937413610023327e+01
8.517917116832136060e+01
6.478044173246505011e+01
6.573713286338212924e+01
6.656538385744117647e+01
6.730866339816743960e+01
6.795770184436638317e+01
6.940633788981577368e+01
7.034117174471803935e+01
7.096638277799527827e+01
7.226144929233343817e+01
7.237944784885786476e+01
4.643418596558542788e+01
4.770527748287822334e+01
4.825169421762019795e+01
4.971013198852185866e+01
5.073563936471703073e+01
5.124733408151509906e+01
5.218594889855698682e+01
5.316304516321459772e+01
5.457969121185129779e+01
5.544384083576141364e+01
3.575638775604475939e+01
3.665067852076558097e+01
3.732131370669035419e+01
3.805287318908289507e+01
3.873759939892439519e+01
3.984139027910974562e+01
4.029413154725356350e+01
4.137292599943870641e+01
4.203228309614864600e+01
4.293793968271747730e+01
2.962439338544798062e+01
3.047188536125172931e+01
3.098961511616924369e+01
3.171101765441366638e+01
3.241297736816965624e+01
3.294964286872296100e+01
3.357309611300811980e+01
3.426452798715797599e+01
3.511533710684347653e+01
3.561694792741250382e+01
2.571564656917156810e+01
2.629638504340170613e+01
2.688133494796552725e+01
2.755067391431791535e+01
2.787188209475058187e+01
2.871229631316203523e+01
2.907791460261844207e+01
2.955831014386400923e+01
3.030557460844567785e+01
3.096118142396407436e+01
2.296641781164700191e+01
2.346037116479355689e+01
2.391946697512539188e+01
2.442990250455331491e+01
2.474184623473741951e+01
2.548646972787065224e+01
2.592042745598912035e+01
2.641248712592679126e+01
2.700713323613738126e+01
2.749932856700808514e+01
2.067607002798830607e+01
2.124278181264432064e+01
2.155269843010843545e+01
2.218375436300508241e+01
2.266731427578731939e+01
2.302341169552814648e+01
2.348807624825922602e+01
2.402421455959583341e+01
2.445424639194907357e+01
2.487259113172020264e+01
1.916465917178474498e+01
1.954226549789137479e+01
1.996051714183347769e+01
2.032790505407262316e+01
2.076753987988350758e+01
2.115691563373575690e+01
2.168653574269605855e+01
2.206844577036667943e+01
2.243812980246496380e+01
2.291235735781292249e+01
1.779195361879303050e+01
1.816419711509606572e+01
1.852456994399552670e+01
1.898973214699080714e+01
1.928305963084537922e+01
1.970588458172769464e+01
2.004106118077402598e+01
2.040884726520393855e+01
2.084808381424690893e+01
2.114865375269124925e+01
1.667483732382264705e+01
1.705767860985341855e+01
1.741788608122003268e+01
1.774888967993648237e+01
1.810842771142578655e+01
1.847741165880433911e+01
1.881402919313052280e+01
1.916743300630581714e+01
1.955002227465896070e+01
2.003284124738964778e+01
1.572287639082919952e+01
1.605416097797978026e+01
1.641403021423209196e+01
1.674284362671927084e+01
1.711826716673563098e+01
1.736965717304274648e+01
1.770274413151683746e+01
1.816291485816400098e+01
1.849573217075770515e+01
1.879959246702818731e+01
1.484910250389903830e+01
1.522132207055588538e+01
1.549482232570007589e+01
1.591059230382718859e+01
1.614539524321017083e+01
1.651970404615573074e+01
1.684598667610579881e+01
1.717829384436430118e+01
1.744532363349426518e+01
1.786651558555447039e+01
1.422659837194888333e+01
1.451480308968526955e+01
1.478927577356499867e+01
1.512229550397968580e+01
1.543600971851311776e+01
1.570849076479954576e+01
1.599879655693457536e+01
1.637789023782372766e+01
1.666958709077992751e+01
1.696259166133580010e+01
1.358161230909408346e+01
1.387398613495925659e+01
1.413071752362318634e+01
1.444008278441644322e+01
1.476050378929415885e+01
1.497568002458103287e+01
1.530075358616293357e+01
1.561335554189457575e+01
1.592989188883347929e+01
1.625967934336558685e+01
1.307099681697648030e+01
1.332441900463772022e+01
1.357658267023450271e+01
1.388081302650712523e+01
1.416795093058754595e+01
1.439596734796485222e+01
1.470592561150100153e+01
1.495429186114465558e+01
1.528517027283733221e+01
1.557162899802554001e+01
1.251592683494652825e+01
1.280422413832095963e+01
1.307352200975315704e+01
1.333792433430992119e+01
1.359647001027827251e+01
1.390306655359235677e+01
1.416406970621431505e+01
1.445208253034023826e+01
1.468601482704777084e+01
1.499331219266513138e+01
1.207812810716583840e+01
1.235676873561148348e+01
1.260374828155972438e+01
1.283382591884917545e+01
1.309881176731748909e+01
1.341106596219051994e+01
1.366969963423067114e+01
1.386842778511568852e+01
1.418060911356339560e+01
1.443472389758365360e+01
1.169138846927245545e+01
1.193222396892189607e+01
1.216785331878815235e+01
1.245249318729741894e+01
1.271071083304336646e+01
1.296223917440045703e+01
1.314963377386603227e+01
1.343250432069447520e+01
1.371623413597523289e+01
1.396259873536443230e+01
1.131213986243379033e+01
1.157738658206095295e+01
1.183213127855226432e+01
1.201892579651263304e+01
1.231772364059407465e+01
1.254816495824128886e+01
1.274552048776628865e+01
1.307929579667002074e+01
1.324744668977891315e+01
1.353099531472300576e+01
