4.021474300099728838e-01
4.150421193898525263e-01
4.291208427438938378e-01
4.405882983907292716e-01
4.542825846090953190e-01
4.665041741456217306e-01
4.785164362806185734e-01
4.938820011905252216e-01
5.048376794000224432e-01
5.179905872502464925e-01
2.699082688222516069e-01
2.786469853973261301e-01
2.877719253265901833e-01
2.969299972101275276e-01
3.070499366612211567e-01
3.160805630150237411e-01
3.254200094871296800e-01
3.347474655878340810e-01
3.443411669184361923e-01
3.539068369727299546e-01
2.131427596285781212e-01
2.208320981380910708e-01
2.281380384126455718e-01
2.351526923769833299e-01
2.423759827714080939e-01
2.496876662968217642e-01
2.576644548838832871e-01
2.649078316778581410e-01
2.732170998210636248e-01
2.806525516264269382e-01
1.820258381887760735e-01
1.878680998539509206e-01
1.943224017424459715e-01
2.002432422902983844e-01
2.070372997154570904e-01
2.127960053434195808e-01
2.197685833275850875e-01
2.260416737478562199e-01
2.326887691770567756e-01
2.391943776952890621e-01
1.609848649025219514e-01
1.663751597539893656e-01
1.720431525192061550e-01
1.777053900181558843e-01
1.833527576445111162e-01
1.887857478142225265e-01
1.945034605933604888e-01
2.004579250684761504e-01
2.061670869906366832e-01
2.120741281222718322e-01
1.460306231211456751e-01
1.511402429751170784e-01
1.562324957404690462e-01
1.610146844204367600e-01
1.665321763592612914e-01
1.713298000670774035e-01
1.764313073767131979e-01
1.818194530714327128e-01
1.870280529238090572e-01
1.924322415438947109e-01
1.347887887302523235e-01
1.394135267689674273e-01
1.438935444706242184e-01
1.484645894037328051e-01
1.531545790410495100e-01
1.579397549860530603e-01
1.626290982916609451e-01
1.677465693464933461e-01
1.724326356489289669e-01
1.771473097854448508e-01
1.256516183613249626e-01
1.299941997781496328e-01
1.341436538322871574e-01
1.384176789513099914e-01
1.426624151755076231e-01
1.474501429414008802e-01
1.519531272887793272e-01
1.563290549583679634e-01
1.605417831778864768e-01
1.652045590664747432e-01
1.182123172988234494e-01
1.221953522639707967e-01
1.261123643525304816e-01
1.303777270555029344e-01
1.342284383296909467e-01
1.384315548371065074e-01
1.427353535923388539e-01
1.468151460382930151e-01
1.510234440590265126e-01
1.554316635283965742e-01
1.119001651720874374e-01
1.157886325090102392e-01
1.193703908631848915e-01
1.232538486746418971e-01
1.273104660391597975e-01
1.311628276762464296e-01
1.351130098728721696e-01
1.391254733726593473e-01
1.430863998886567900e-01
1.471824156619411239e-01
1.065011212725298084e-01
1.102230770323230358e-01
1.136953775405861455e-01
1.174223875716286919e-01
1.210634073005056738e-01
1.249137267485258274e-01
1.284416214608662954e-01
1.324317905191673694e-01
1.363857210185426827e-01
1.400023130618472944e-01
1.017581058953625911e-01
1.053133323980000591e-01
1.086179071249400441e-01
1.122414536514437372e-01
1.157765630766231929e-01
1.192779853546327151e-01
1.228442979114308664e-01
1.266333237196132500e-01
1.302346838010791652e-01
1.339468858514711591e-01
9.779204952341187529e-02
1.010277946056495624e-01
1.043955230841606269e-01
1.076658733860603040e-01
1.110351419348444557e-01
1.144037531318581047e-01
1.179599858025042886e-01
1.214429016250687665e-01
1.250307744157965473e-01
1.285119126566864889e-01
9.411814038458807263e-02
9.730074115980463789e-02
1.004761876457484909e-01
1.035877193397773122e-01
1.070037962885813376e-01
1.102145546950665800e-01
1.135214519053668603e-01
1.169421873351040586e-01
1.203210230560754351e-01
1.237659103011257006e-01
9.080052202782812332e-02
9.387752725478400173e-02
9.697809771809717816e-02
1.001195702136985222e-01
1.032433802962621078e-01
1.063625018219435253e-01
1.096737093350362291e-01
1.129029695398563737e-01
1.161495833159428975e-01
1.194714294764403217e-01
8.785741482423631288e-02
9.088366957388029077e-02
9.381407684808903968e-02
9.684656241852364345e-02
9.983905053524828876e-02
1.029852277237417041e-01
1.059905395131461453e-01
1.091988878718183897e-01
1.123828062368343594e-01
1.155487537473042919e-01
8.523146355264553387e-02
8.805309654476810299e-02
9.097604192574917925e-02
9.383225050267940404e-02
9.683630916607577355e-02
9.980289942769460243e-02
1.028082739399129447e-01
1.057800027099894263e-01
1.089382324053644741e-01
1.120982117466766542e-01
8.271131438875151121e-02
8.548046116512350578e-02
8.833721419029613720e-02
9.129340464548385548e-02
9.406488086662724568e-02
9.695314785427498749e-02
9.994873738305667943e-02
1.027862813121440122e-01
1.057687349720912579e-01
1.088222189571204923e-01
8.052484719067454222e-02
8.324855311692222481e-02
8.595777591843967169e-02
8.868908710809345064e-02
9.152458112883443686e-02
9.429378655402675946e-02
9.718931757663762383e-02
1.000061446797045617e-01
1.028805108538565494e-01
1.058341349370063300e-01
7.845342686029074808e-02
8.104282516997535213e-02
8.376088013114664499e-02
8.636508042575392896e-02
8.913787790030495983e-02
9.189243210062110478e-02
9.470097685757253303e-02
9.742449407110523318e-02
1.002659055787655101e-01
1.031212831906693772e-01
